gap_size,prime_start,prime_end,merit
1,2,3,1.4426950408889634
2,3,5,1.8204784532536746
2,5,7,1.2426698691192237
4,7,11,2.055593369479003
2,11,13,0.8340647828484926
4,13,17,1.5594849810051203
2,17,19,0.7059122477295223
4,19,23,1.3584930875804344
6,23,29,1.913573933422806
2,29,31,0.5939484087467402
6,31,37,1.7472400573197748
4,37,41,1.1077515736354295
2,41,43,0.538565016128782
4,43,47,1.063490342699408
6,47,53,1.558381813033629
6,53,59,1.511223892510198
2,59,61,0.4904921236196608
6,61,67,1.4595436878495878
4,67,71,0.9513180539174313
2,71,73,0.46918841144322115
6,73,79,1.3984516302510555
4,79,83,0.9154474741566194
6,83,89,1.3578222281685395
8,89,97,1.7822784785922416
4,97,101,0.8743721775640131
2,101,103,0.4333581306710633
4,103,107,0.8630493843671131
2,107,109,0.4280062614855671
4,109,113,0.8526334222946941
14,113,127,2.961466360890476
4,127,131,0.8257319398711032
6,131,137,1.2307194154882497
2,137,139,0.40650564100781805
10,139,149,2.0265584813122057
2,149,151,0.3996845445011454
6,151,157,1.1958671222550201
6,157,163,1.1866511698567788
4,163,167,0.7852760426623333
6,167,173,1.1723343598898872
6,173,179,1.16430438487243
2,179,181,0.3855506559292531
10,181,191,1.923632915409209
2,191,193,0.38078748705659426
4,193,197,0.7600675427242585
2,197,199,0.3785581822485851
12,199,211,2.2670147284828963
12,211,223,2.2422119011226336
4,223,227,0.7397582634812182
2,227,229,0.3686669911345144
4,229,233,0.7361436594260009
6,233,239,1.1007077002135632
2,239,241,0.3651991802802401
10,241,251,1.8232215561052254
6,251,257,1.0858838299947193
6,257,263,1.0812610798998072
6,263,269,1.0767828680527376
2,269,271,0.35748046043839615
6,271,277,1.0710233381051029
4,277,281,0.7112353394347273
2,281,283,0.3547134079517437
10,283,293,1.7713389535511572
14,293,307,2.4647138324239495
4,307,311,0.6984645264378222
2,311,313,0.34844462694049666
4,313,317,0.6961118267772207
14,317,331,2.431019064000159
6,331,337,1.0341050650505001
10,337,347,1.718188575604124
2,347,349,0.3419198070273967
4,349,353,0.6831683800214313
6,353,359,1.0227618972388146
8,359,367,1.3597759007144266
6,367,373,1.0160258006842724
6,373,379,1.0132433575642659
4,379,383,0.6736801026284388
6,383,389,1.0087365005272964
8,389,397,1.3414762408687835
4,397,401,0.6684563157715715
8,401,409,1.3346765902687596
10,409,419,1.6628655898262212
2,419,421,0.3312425897348914
10,421,431,1.6549077654129116
2,431,433,0.3297006862213354
6,433,439,0.9883477542315495
4,439,443,0.6574082317115972
6,443,449,0.9846445066559987
8,449,457,1.3099672536117795
4,457,461,0.6530949838071547
2,461,463,0.32608351618132425
4,463,467,0.6517070512832551
12,467,479,1.9523848295350206
8,479,487,1.2962391602982286
4,487,491,0.6463848214040775
8,491,499,1.2910630411586417
4,499,503,0.64385218350402
6,503,509,0.9645387070892338
12,509,521,1.9254071543209836
2,521,523,0.3197058684652046
18,523,541,2.875591619557091
6,541,547,0.9533768106261845
10,547,557,1.5861814907844598
6,557,563,0.9489819040711086
6,563,569,0.947376454584623
2,569,571,0.3152644537941133
6,571,577,0.9452705359350673
10,577,587,1.5728606625990225
6,587,593,0.941172806314155
6,593,599,0.9396738180660265
2,599,601,0.312731538705056
6,601,607,0.9377058653324237
6,607,613,0.9362523280492342
4,613,617,0.6232116808447792
2,617,619,0.3112903924669098
12,619,631,1.8668020343401113
10,631,641,1.5510354577870902
2,641,643,0.3094524036028309
4,643,647,0.6186066304712371
6,647,653,0.9270208556513392
6,653,659,0.9257006250683633
2,659,661,0.3081320579082858
12,661,673,1.8479296098901825
4,673,677,0.6142746372143879
6,677,683,0.9205741972499074
8,683,691,1.2257728186621315
10,691,701,1.5294870207039097
8,701,709,1.2209065807962711
10,709,719,1.5234948361642697
8,719,727,1.2162007626703255
6,727,733,0.9106187510906972
6,733,739,0.9094842332016587
4,739,743,0.6055745021453617
8,743,751,1.2101600112732995
6,751,757,0.9061520039028912
4,757,761,0.6033761987512036
8,761,769,1.2057938349404684
4,769,773,0.6019481175436153
14,773,787,2.105174820141378
10,787,797,1.4996487263874538
12,797,809,1.7961773720503957
2,809,811,0.29869475245212607
10,811,821,1.4929232331715963
2,821,823,0.29803935809159265
4,823,827,0.5958626692062372
2,827,829,0.2977163062631946
10,829,839,1.4880464879351374
14,839,853,2.0795546382039247
4,853,857,0.5927015137895505
2,857,859,0.29614546311181034
4,859,863,0.5920865627868677
14,863,877,2.0708788794369584
4,877,881,0.5902746067409813
2,881,883,0.2949392425674725
4,883,887,0.5896812966661036
20,887,907,2.9464432455549323
4,907,911,0.5873592262276942
8,911,919,1.1739598855877331
10,919,929,1.4655694955010294
8,929,937,1.1705988748122436
4,937,941,0.5845660006481397
6,941,947,0.876303465310117
6,947,953,0.8754907553889667
14,953,967,2.0409308972347744
4,967,971,0.5818860195331375
6,971,977,0.8723052079106222
6,977,983,0.8715246761673457
8,983,991,1.1610004080204073
6,991,997,0.8697272470316425
12,997,1009,1.737933837120427
4,1009,1013,0.5783092101133733
6,1013,1019,0.8669678941294249
2,1019,1021,0.28874290871337654
10,1021,1031,1.4433059705300055
2,1031,1033,0.28825569268703266
6,1033,1039,0.8645256008286281
10,1039,1049,1.4396746123480626
2,1049,1051,0.2875384043605058
10,1051,1061,1.4372984231166959
2,1061,1063,0.2870689584446472
6,1063,1069,0.8609741455559188
18,1069,1087,2.5808379707831857
4,1087,1091,0.5721497345273292
2,1091,1093,0.28592464513902005
4,1093,1097,0.5716995988397454
6,1097,1103,0.8571019047801467
6,1103,1109,0.8564345833867726
8,1109,1117,1.1410292161148698
6,1117,1123,0.8548954835837036
6,1123,1129,0.8542434384016291
22,1129,1151,3.129851463539341
2,1151,1153,0.28375288811140387
10,1153,1163,1.4184150660148191
8,1163,1171,1.1333438300539433
10,1171,1181,1.4153052941617699
6,1181,1187,0.8481624146016371
6,1187,1193,0.8475552642149856
8,1193,1201,1.1292693828990983
12,1201,1213,1.6923075178073592
4,1213,1217,0.5633126913915362
6,1217,1223,0.8445774637260774
6,1223,1229,0.8439931858072065
2,1229,1231,0.28113752308798035
6,1231,1237,0.8432198369154856
12,1237,1249,1.6852880764754812
10,1249,1259,1.4025051667657642
18,1259,1277,2.521688964815959
2,1277,1279,0.2796315463327573
4,1279,1283,0.559140750392776
6,1283,1289,0.8383451979202097
2,1289,1291,0.2792663448558419
6,1291,1297,0.8376177024117155
4,1297,1301,0.5580505698662037
2,1301,1303,0.27890546701332475
4,1303,1307,0.5576914691800704
12,1307,1319,1.6723597244123143
2,1319,1321,0.27837205755339167
6,1321,1327,0.8349400938447797
34,1327,1361,4.7283454069777955
6,1361,1367,0.83148846798878
6,1367,1373,0.830981904217073
8,1373,1381,1.1073042290430426
18,1381,1399,2.48943265110862
10,1399,1409,1.3805456047328772
14,1409,1423,1.930865229265111
4,1423,1427,0.5509245300128047
2,1427,1429,0.275355808607068
4,1429,1433,0.5506054460428462
6,1433,1439,0.8255905066427873
8,1439,1447,1.1001548361249687
4,1447,1451,0.5496583530284097
2,1451,1453,0.27472496328663387
6,1453,1459,0.8240189817192047
12,1459,1471,1.6471057873708355
10,1471,1481,1.3710466738639946
2,1481,1483,0.2739548589361592
4,1483,1487,0.5478084528182074
2,1487,1489,0.27380322182323674
4,1489,1493,0.5475056984537506
6,1493,1499,0.8209570862772014
12,1499,1511,1.6410136354029632
12,1511,1523,1.6392262554107806
8,1523,1531,1.0916379051585303
12,1531,1543,1.6362870888474539
6,1543,1549,0.8172734723197207
4,1549,1553,0.544561105799748
6,1553,1559,0.8165549634576444
8,1559,1567,1.088168903192042
4,1567,1571,0.5437059198199024
8,1571,1579,1.0870351489032706
4,1579,1583,0.5431427068436323
14,1583,1597,1.9003466213540758
4,1597,1601,0.5423080140953734
6,1601,1607,0.813186225247577
2,1607,1609,0.27092472314372745
4,1609,1613,0.5417581678667074
6,1613,1619,0.8123640642809999
2,1619,1621,0.27065196438345196
6,1621,1627,0.8118202630412042
10,1627,1637,1.3523577417683004
20,1637,1657,2.702476068176494
6,1657,1663,0.8094146779655584
4,1663,1667,0.5393467999539435
2,1667,1669,0.2695860723761428
24,1669,1693,3.234510099342123
4,1693,1697,0.5380497061634241
2,1697,1699,0.26893948265293804
10,1699,1709,1.3444844656802153
12,1709,1721,1.6121093739390073
2,1721,1723,0.2684325665472445
10,1723,1733,1.3419536433627217
8,1733,1741,1.0727298372995187
6,1741,1747,0.8040508144605103
6,1747,1753,0.803680286693046
6,1753,1759,0.803311368896652
18,1759,1777,2.408832145339877
6,1777,1783,0.8018515470515063
4,1783,1787,0.5343269950381115
2,1787,1789,0.26708354793400746
12,1789,1801,1.6022619487614191
10,1801,1811,1.3340274998476918
12,1811,1823,1.5996513916229667
8,1823,1831,1.0654962155678624
16,1831,1847,2.129750370607108
14,1847,1861,1.8613758967320166
6,1861,1867,0.796932420456973
4,1867,1871,0.5310612307995547
2,1871,1873,0.26545518842658467
4,1873,1877,0.5308351028437397
2,1877,1879,0.265342429752853
10,1879,1889,1.3265247242026497
12,1889,1901,1.5907096474770919
6,1901,1907,0.7946877410574307
6,1907,1913,0.7943561939714128
18,1913,1931,2.3820778908759137
2,1931,1933,0.26434769300992955
16,1933,1949,2.1144922266923087
2,1949,1951,0.264023903579687
22,1951,1973,2.9038697644545532
6,1973,1979,0.7907940495169338
8,1979,1987,1.0539702674111313
6,1987,1993,0.7900577819798676
4,1993,1997,0.5264961615018083
2,1997,1999,0.26317862582223045
4,1999,2003,0.5262879284485844
8,2003,2011,1.0522990890350516
6,2011,2017,0.7888107313686707
10,2017,2027,1.3141698392529417
2,2027,2029,0.2626632532962192
10,2029,2039,1.313146189913911
14,2039,2053,1.8372185589914287
10,2053,2063,1.3111216362008902
6,2063,2069,0.786172121998943
12,2069,2081,1.5717461491896407
2,2081,2083,0.2617594165910314
4,2083,2087,0.523453022054204
2,2087,2089,0.26166081932991225
10,2089,2099,1.3081401651104945
12,2099,2111,1.5687881605473264
2,2111,2113,0.2612699768656761
16,2113,2129,2.0899012787040343
2,2129,2131,0.2609805046862008
6,2131,2137,0.7828455950663478
4,2137,2141,0.5217056785315434
2,2141,2143,0.26078923231717477
10,2143,2153,1.3037874250096015
8,2153,2161,1.0423972273207598
18,2161,2179,2.3442608667898264
24,2179,2203,3.1223080927496882
4,2203,2207,0.5196441502403278
6,2207,2213,0.77928257468368
8,2213,2221,1.0386771779239459
16,2221,2237,2.07638155815852
2,2237,2239,0.25930614214382725
4,2239,2243,0.5185522021696949
8,2243,2251,1.0368644808665417
16,2251,2267,2.072772492465362
2,2267,2269,0.25885904135302584
4,2269,2273,0.5176589994957163
8,2273,2281,1.0350820590171523
6,2281,2287,0.7759588073870338
6,2287,2293,0.7756952750198508
4,2293,2297,0.5169550742470512
12,2297,2309,1.5505159646590005
2,2309,2311,0.2582454609143356
22,2311,2333,2.84038253068902
6,2333,2339,0.7737033427255907
2,2339,2341,0.2578157234042488
6,2341,2347,0.7733619629964725
4,2347,2351,0.5154045931386353
6,2351,2357,0.7729372960387956
14,2357,2371,1.8029283645056469
6,2371,2377,0.7720947372541446
4,2377,2381,0.5145624738716715
2,2381,2383,0.2572256006716043
6,2383,2389,0.7715934797612589
4,2389,2393,0.5142293596996828
6,2393,2399,0.7711781831899067
12,2399,2411,1.541860101983508
6,2411,2417,0.7704361186935954
6,2417,2423,0.7701903097713108
14,2423,2437,1.7965389551950883
4,2437,2441,0.5129176348514567
6,2441,2447,0.7692146876741808
12,2447,2459,1.537945328404984
8,2459,2467,1.0246544617609186
6,2467,2473,0.7681712722997558
4,2473,2477,0.5119549631976149
26,2477,2503,3.327019065110242
18,2503,2521,2.3002473826231413
10,2521,2531,1.2767460866089049
8,2531,2539,1.0208808727069936
4,2539,2543,0.5102349572447231
6,2543,2549,0.7651987832700398
2,2549,2551,0.2549896240749341
6,2551,2557,0.7648923860946116
22,2557,2579,2.8037657210683524
12,2579,2591,1.5276588349558529
2,2591,2593,0.2544594275317052
16,2593,2609,2.0354755954155004
8,2609,2617,1.0169419626157497
4,2617,2621,0.5082731685572707
12,2621,2633,1.5245236390772339
14,2633,2647,1.7775793300636864
10,2647,2657,1.268845173656073
2,2657,2659,0.25364767726046017
4,2659,2663,0.5072469489466284
8,2663,2671,1.0143005491688069
6,2671,2677,0.7604362062373349
6,2677,2683,0.7602200136174356
4,2683,2687,0.5066696183276574
2,2687,2689,0.2532870129411437
4,2689,2693,0.5065262965152714
6,2693,2699,0.7596464566728672
8,2699,2707,1.0125766304475101
4,2707,2711,0.5060987243561755
2,2711,2713,0.2530020960055844
6,2713,2719,0.7589354870294178
10,2719,2729,1.264539126391179
2,2729,2731,0.2527904743954695
10,2731,2741,1.2638353443031594
8,2741,2749,1.0106014496921665
4,2749,2753,0.5051147612499834
14,2753,2767,1.7675771171372783
10,2767,2777,1.2617470257157652
12,2777,2789,1.513407563772628
2,2789,2791,0.25209750202624365
6,2791,2797,0.7562241755289867
4,2797,2801,0.5040130341079734
2,2801,2803,0.25196114666326863
16,2803,2819,2.0155079350078
14,2819,2833,1.7623058532986937
4,2833,2837,0.5032021583957468
6,2837,2843,0.754669286525947
8,2843,2851,1.0059584033281805
6,2851,2857,0.7542023126284085
4,2857,2861,0.5026687057186457
18,2861,2879,2.26161153966153
8,2879,2887,1.0043692207171844
10,2887,2897,1.255024304740823
6,2897,2903,0.7526879429401049
6,2903,2909,0.7524926352381264
8,2909,2917,1.0030637757389091
10,2917,2927,1.2533981237091085
12,2927,2939,1.5034328470994962
14,2939,2953,1.7531063584292315
4,2953,2957,0.5005896394212541
6,2957,2963,0.7507572776184187
6,2963,2969,0.7505669081043846
2,2969,2971,0.25012567330701113
28,2971,2999,3.5014645420526214
2,2999,3001,0.24981157403858495
10,3001,3011,1.2489538691450888
8,3011,3019,0.9987481280874406
4,3019,3023,0.49920869620180275
14,3023,3037,1.7469417612192633
4,3037,3041,0.49883861235775756
8,3041,3049,0.9975134871980422
12,3049,3061,1.495780226919073
6,3061,3067,0.7475241124041754
12,3067,3079,1.4946835667262413
4,3079,3083,0.497985638882685
6,3083,3089,0.7468577428152798
20,3089,3109,2.4889234528263957
10,3109,3119,1.243463051004257
2,3119,3121,0.24859334337270228
16,3121,3137,1.9885883015228378
26,3137,3163,3.229403587230078
4,3163,3167,0.49632248469569545
2,3167,3169,0.24812233280310306
12,3169,3181,1.4886174061507733
6,3181,3187,0.7439598926929991
4,3187,3191,0.49585740183031346
12,3191,3203,1.487340938915117
6,3203,3209,0.7433246519774759
8,3209,3217,0.990869798551646
4,3217,3221,0.4952821571703634
8,3221,3229,0.9904119274444758
22,3229,3251,2.722796617021661
2,3251,3253,0.247319124978807
4,3253,3257,0.49460063488993555
2,3257,3259,0.24726274560891456
12,3259,3271,1.4834638875990434
28,3271,3299,3.45984374415413
2,3299,3301,0.24687168303705895
6,3301,3307,0.7405596481377462
6,3307,3313,0.7403936960052764
6,3313,3319,0.74022811885033
4,3319,3323,0.4933752767548723
6,3323,3329,0.7399529860286038
2,3329,3331,0.24659613376890238
12,3331,3343,1.479467243780585
4,3343,3347,0.4929372027573624
12,3347,3359,1.478593714718544
2,3359,3361,0.2463236627597933
10,3361,3371,1.2315280297203868
2,3371,3373,0.24621552230174507
16,3373,3389,1.9695803642762613
2,3389,3391,0.24605420793000285
16,3391,3407,1.9682908002400594
6,3407,3413,0.7376818729422918
20,3413,3433,2.4584077514589295
16,3433,3449,1.9653147028776672
8,3449,3457,0.9820964296049697
4,3457,3461,0.4909085913473791
2,3461,3463,0.24541946522055663
4,3463,3467,0.49080413757793523
2,3467,3469,0.24536731343369098
22,3469,3491,2.6988494992500285
8,3491,3499,0.9806392987439202
12,3499,3511,1.470546336911806
6,3511,3517,0.7349648087232488
10,3517,3527,1.2246852008194216
2,3527,3529,0.24485189913642388
4,3529,3533,0.4896698139794483
6,3533,3539,0.7344028758946659
2,3539,3541,0.24475012570188373
6,3541,3547,0.734199615678248
10,3547,3557,1.223412575437059
2,3557,3559,0.24459826824198705
12,3559,3571,1.4674887254692448
10,3571,3581,1.222404083032623
2,3581,3583,0.24439727286521623
10,3583,3593,1.2219029947651139
14,3593,3607,1.7100818193576253
6,3607,3613,0.7325442326980717
4,3613,3617,0.48826374288701796
6,3617,3623,0.7322967059025854
8,3623,3631,0.9761981308427162
6,3631,3637,0.7319515950802951
6,3637,3643,0.7318041967944356
16,3643,3659,1.9510856018121767
12,3659,3671,1.4625326261972535
2,3671,3673,0.2436582048502665
4,3673,3677,0.4872840756139178
14,3677,3691,1.7052681557782365
6,3691,3697,0.7304910758871767
4,3697,3701,0.4868977661974955
8,3701,3709,0.9736673689688846
10,3709,3719,1.2167644475677544
8,3719,3727,0.973092757465409
6,3727,3733,0.7296288625296347
6,3733,3739,0.7294861670130027
22,3739,3761,2.674260439892467
6,3761,3767,0.7288240041230808
2,3767,3769,0.24289430302969195
10,3769,3779,1.214393232450815
14,3779,3793,1.6996036286764744
4,3793,3797,0.48538313927795146
6,3797,3803,0.7279815995554406
18,3803,3821,2.183526491445754
2,3821,3823,0.24247516375321504
10,3823,3833,1.212298908147818
14,3833,3847,1.6966811448998484
4,3847,3851,0.4845519447699904
2,3851,3853,0.2422454760152682
10,3853,3863,1.2111512129141682
14,3863,3877,1.6950795573822353
4,3877,3881,0.48409640806195753
8,3881,3889,0.9680720014242082
18,3889,3907,2.177619379498943
4,3907,3911,0.4836452285709878
6,3911,3917,0.7253780946638475
2,3917,3919,0.24174789529281626
4,3919,3923,0.4834659598350521
6,3923,3929,0.7251095325078646
2,3929,3931,0.2416585445560155
12,3931,3943,1.4498621142633445
4,3943,3947,0.4831094586338669
20,3947,3967,2.415251518529652
22,3967,3989,2.6551560276533115
12,3989,4001,1.4473009061957791
2,4001,4003,0.2411294617166059
4,4003,4007,0.482229868003198
6,4007,4013,0.7232577167358166
6,4013,4019,0.723127290927607
2,4019,4021,0.24099903563485692
6,4021,4027,0.7229537658190073
22,4027,4049,2.650354310657607
2,4049,4051,0.24078326170830572
6,4051,4057,0.7223068420629615
16,4057,4073,1.9258084547898398
6,4073,4079,0.7218361975948994
12,4079,4091,1.4434167743203041
2,4091,4093,0.24048448818993998
6,4093,4099,0.721411067655149
12,4099,4111,1.4425680618845709
16,4111,4127,1.922748394960794
2,4127,4129,0.24023140925420583
4,4129,4133,0.48043485931617186
6,4133,4139,0.7205684869295484
14,4139,4153,1.6810336019849956
4,4153,4157,0.48010065346894526
2,4157,4159,0.2400225926761114
18,4159,4177,2.1600786424817926
24,4177,4201,2.87861300440273
10,4201,4211,1.1985984254751274
6,4211,4217,0.7189541723214846
2,4217,4219,0.23961051061117064
10,4219,4229,1.1979844995511069
2,4229,4231,0.23952896616905484
10,4231,4241,1.1975770165686714
2,4241,4243,0.23944770803399248
10,4243,4253,1.197170963590833
6,4253,4259,0.7181002031288088
2,4259,4261,0.2393263536592488
10,4261,4271,1.196564545424217
2,4271,4273,0.23924580332371237
10,4273,4283,1.196162027678851
6,4283,4289,0.7174965988940383
8,4289,4297,0.9565020088885143
30,4297,4327,3.586083535638357
10,4327,4337,1.1943678760756242
2,4337,4339,0.2388077339379709
10,4339,4349,1.193972941248745
8,4349,4357,0.9549158888562789
6,4357,4363,0.7160298414148001
10,4363,4373,1.193187115420111
18,4373,4391,2.1471502800162794
6,4391,4397,0.7153662349092633
12,4397,4409,1.4304995769520241
12,4409,4421,1.4300349697102699
2,4421,4423,0.23826198762426395
18,4423,4441,2.14424235459439
6,4441,4447,0.7144018168880522
4,4447,4451,0.47619132707007505
6,4451,4457,0.7142105462601495
6,4457,4463,0.7140960390757586
18,4463,4481,2.141945167722596
2,4481,4483,0.23787997046276194
10,4483,4493,1.1893367288442374
14,4493,4507,1.664630286968533
6,4507,4513,0.7131491733136944
4,4513,4517,0.4753576157034384
2,4517,4519,0.2376537866900818
4,4519,4523,0.4752825727814442
24,4523,4547,2.851395675847869
2,4547,4549,0.23746699784190425
12,4549,4561,1.4247275970358884
6,4561,4567,0.7121410526129042
16,4567,4583,1.8987465371271794
8,4583,4591,0.948979416494209
6,4591,4597,0.7115873459077238
6,4597,4603,0.7114771416841951
18,4603,4621,2.134101345804575
16,4621,4637,1.896101593714735
2,4637,4639,0.23691565523104105
4,4639,4643,0.4738071077188485
6,4643,4649,0.7106381113931752
2,4649,4651,0.2368431436482723
6,4651,4657,0.7104932426747674
6,4657,4663,0.7103847932409033
10,4663,4673,1.1837941941332617
6,4673,4679,0.7100964375678865
12,4679,4691,1.419977237642996
12,4691,4703,1.4195469867335069
18,4703,4721,2.128677142040578
2,4721,4723,0.23641288123750337
6,4723,4729,0.7092031365631233
4,4729,4733,0.4727311510378295
18,4733,4751,2.1270776377298537
8,4751,4759,0.9449439731943995
24,4759,4783,2.8342686754748803
4,4783,4787,0.4720976568210032
2,4787,4789,0.23602554165780457
4,4789,4793,0.4720278145975143
6,4793,4799,0.7079719697607895
2,4799,4801,0.23595582545008492
12,4801,4813,1.4156653621809414
4,4813,4817,0.471749523374504
14,4817,4831,1.6509615788756162
30,4831,4861,3.5365644602711814
10,4861,4871,1.177995127765085
6,4871,4877,0.7066260116586718
12,4877,4889,1.4130471616008515
14,4889,4903,1.6480780992274287
6,4903,4909,0.7060815060001729
10,4909,4919,1.1766331665388547
12,4919,4931,1.4116217938241542
2,4931,4933,0.23520288421301017
4,4933,4937,0.47038333624457535
6,4937,4943,0.705507758346339
8,4943,4951,0.9405426871923301
6,4951,4957,0.705272926160826
10,4957,4967,1.1752875578801378
2,4967,4969,0.23500184957615533
4,4969,4973,0.4699814675670376
14,4973,4987,1.644779631357559
6,4987,4993,0.7046728188939645
6,4993,4999,0.7045733211528518
4,4999,5003,0.46964931396512055
6,5003,5009,0.7044078192446821
2,5009,5011,0.2347695713486583
10,5011,5021,1.173792852581912
2,5021,5023,0.2347036475588015
16,5023,5039,1.8775414333918208
12,5039,5051,1.4076307545723523
8,5051,5059,0.9381587425484719
18,5059,5077,2.110465488822601
4,5077,5081,0.46879710962587257
6,5081,5087,0.7031307647169688
12,5087,5099,1.406067066584504
2,5099,5101,0.2342798314768006
6,5101,5107,0.7028072094192853
6,5107,5113,0.7027104480505748
6,5113,5119,0.7026138268893567
28,5119,5147,3.2784142793017
6,5147,5153,0.7020689375114286
14,5153,5167,1.6379375638602771
4,5167,5171,0.46783365668627025
8,5171,5179,0.9355826360524401
10,5179,5189,1.1692669045282273
8,5189,5197,0.9352025857808248
12,5197,5209,1.4025512944508116
18,5209,5227,2.1032599742906437
4,5227,5231,0.46720278613874067
2,5231,5233,0.233580523022236
4,5233,5237,0.4671401907594165
24,5237,5261,2.8025910580263815
12,5261,5273,1.4005477352624824
6,5273,5279,0.7000877072596777
2,5279,5281,0.23333160763700905
16,5281,5297,1.8665703743779989
6,5297,5303,0.6997169492074264
6,5303,5309,0.6996245833147263
14,5309,5323,1.6322421411563568
10,5323,5333,1.1655293754997047
14,5333,5347,1.6313842512953478
4,5347,5351,0.46596743170889393
30,5351,5381,3.494451325667642
6,5381,5387,0.6984354282037485
6,5387,5393,0.6983448359257037
6,5393,5399,0.6982543679512373
8,5399,5407,0.9308853652916642
6,5407,5413,0.6980437576653873
4,5413,5417,0.46530246786138396
2,5417,5419,0.2326312442913582
12,5419,5431,1.3957275377604252
6,5431,5437,0.6976842707149876
4,5437,5441,0.4650631365676464
2,5441,5443,0.23251168730947822
6,5443,5449,0.6975052607290769
22,5449,5471,2.557191772833401
6,5471,5477,0.6970894556585341
2,5477,5479,0.23233356524117618
4,5479,5483,0.46464742380222257
18,5483,5501,2.090736166603383
2,5501,5503,0.23221561683210507
4,5503,5507,0.4644116328581441
12,5507,5519,1.393117372699358
2,5519,5521,0.23212757086932467
6,5521,5527,0.6963534294862673
4,5527,5531,0.4641771056547618
26,5531,5557,3.0168979085862384
6,5557,5563,0.6958285575151175
6,5563,5569,0.6957414861407136
4,5569,5573,0.46376968692005477
8,5573,5581,0.92746216528572
10,5581,5591,1.1591349409649503
32,5591,5623,3.708462278443336
16,5623,5639,1.8530055605030873
2,5639,5641,0.23154949850864284
6,5641,5647,0.6946199779888286
4,5647,5651,0.4630230000217799
2,5651,5653,0.2314925256139753
4,5653,5657,0.4629660892338974
2,5657,5659,0.23146409500928602
10,5659,5669,1.157273131960365
14,5669,5683,1.6198514152869492
6,5683,5689,0.6940239702391887
4,5689,5693,0.46262617941712675
8,5693,5701,0.925177150401993
10,5701,5711,1.1562836606814388
6,5711,5717,0.6936296368538442
20,5717,5737,2.3118181549775234
4,5737,5741,0.46217706378531315
2,5741,5743,0.23106992321118558
6,5743,5749,0.693181874564914
30,5749,5779,3.4654913053032383
4,5779,5783,0.4617878659013853
8,5783,5791,0.923501962209742
10,5791,5801,1.154193264078249
6,5801,5807,0.6923780808908079
6,5807,5813,0.6922954946970251
8,5813,5821,0.9229506846119422
6,5821,5827,0.6921032013179629
12,5827,5839,1.384041928059365
4,5839,5843,0.46123786776681136
6,5843,5849,0.691802173098307
2,5849,5851,0.23057343883410675
6,5851,5857,0.6916930539300783
4,5857,5861,0.4610742233126503
6,5861,5867,0.6915569128698352
2,5867,5869,0.2304917884525922
10,5869,5879,1.1524136760918957
2,5879,5881,0.2304375259196913
16,5881,5897,1.8434279633127733
6,5897,5903,0.6910691613993014
20,5903,5923,2.3032940856277184
4,5923,5927,0.4604794461470164
12,5927,5939,1.3813309840865082
14,5939,5953,1.611177697553164
28,5953,5981,3.221482474972692
6,5981,5987,0.6899451827788282
20,5987,6007,2.2995521413947637
4,6007,6011,0.4597341428674875
18,6011,6029,2.0686453758136847
8,6029,6037,0.9190821214843069
6,6037,6043,0.6892065956627245
4,6043,6047,0.4594186408639755
6,6047,6053,0.6890755917040122
14,6053,6067,1.607659939984535
6,6067,6073,0.6888143811990575
6,6073,6079,0.6887362244519598
10,6079,6089,1.1477636043199264
2,6089,6091,0.229509423260078
10,6091,6101,1.147503871151946
12,6101,6113,1.3767454883725303
8,6113,6121,0.9176234589755541
10,6121,6131,1.1468572813301263
2,6131,6133,0.2293285233334095
10,6133,6143,1.146599735384187
8,6143,6151,0.9171084692195817
12,6151,6163,1.3754574908975354
10,6163,6173,1.145958571557519
24,6173,6197,2.7497896855917388
2,6197,6199,0.22904730817562644
4,6199,6203,0.45807768807401844
8,6203,6211,0.9160877032966016
6,6211,6217,0.6869643887635312
4,6217,6221,0.45792563499989297
8,6221,6229,0.9157838377904436
18,6229,6247,2.06021054944082
10,6247,6257,1.1441835291144606
6,6257,6263,0.6863845016643132
6,6263,6269,0.6863092505350834
2,6269,6271,0.2287446959790543
6,6271,6277,0.6862090533785308
10,6277,6287,1.143556680876776
12,6287,6299,1.3720182588576844
2,6299,6301,0.22861986542303447
10,6301,6311,1.1430578468400439
6,6311,6317,0.6857104126977228
6,6317,6323,0.6856359515405055
6,6323,6329,0.6855615772209419
8,6329,6337,0.9139830527383408
6,6337,6343,0.6853883738042682
10,6343,6353,1.142190479347759
6,6353,6359,0.6851910017232512
2,6359,6361,0.2283723815195902
6,6361,6367,0.6850925445246128
6,6367,6373,0.6850188013900349
6,6373,6379,0.6849451435664942
10,6379,6389,1.1414526181223634
8,6389,6397,0.9129988512112137
24,6397,6421,2.738605447118168
6,6421,6427,0.6843589306225217
22,6427,6449,2.5090487859746395
2,6449,6451,0.22800648429300957
18,6451,6469,2.0519858212608573
4,6469,6473,0.4558520500129777
8,6473,6481,0.9116398792067555
10,6481,6491,1.139389479544255
30,6491,6521,3.417568077565149
8,6521,6529,0.9108730096322546
18,6529,6547,2.0491782116942163
4,6547,6551,0.4552302549120266
2,6551,6553,0.22759930670572617
10,6553,6563,1.1379570038846816
6,6563,6569,0.68265574654573
2,6569,6571,0.22752825979108007
6,6571,6577,0.6825611413291174
4,6577,6581,0.45499352010148203
18,6581,6599,2.047329250310583
8,6599,6607,0.909641510819672
12,6607,6619,1.36427432124896
18,6619,6637,2.0459893903034008
16,6637,6653,1.8180960095982661
6,6653,6659,0.6815995154190885
2,6659,6661,0.22717657473298475
12,6661,6673,1.3630129552122014
6,6673,6679,0.6813671776899202
10,6679,6689,1.1354960715933975
2,6689,6691,0.22706064063322998
10,6691,6701,1.1352646719366106
2,6701,6703,0.2270144455091999
6,6703,6709,0.6810202685717958
10,6709,6719,1.1349185255741303
14,6719,6733,1.588617399662848
4,6733,6737,0.45378350621951274
24,6737,6761,2.7225176024811875
2,6761,6763,0.22678498268940483
16,6763,6779,1.8142190159619809
2,6779,6781,0.2267166306041872
10,6781,6791,1.13354524836589
2,6791,6793,0.226671186116965
10,6793,6803,1.1333181080639683
20,6803,6823,2.266258400278314
4,6823,6827,0.4531009616353066
2,6827,6829,0.22653544148734997
4,6829,6833,0.45305585174913926
8,6833,6841,0.9060516109794569
16,6841,6857,1.8118631105536929
6,6857,6863,0.6792689697211619
6,6863,6869,0.6792017159778301
2,6869,6871,0.22637817810143449
12,6871,6883,1.3582243128083804
16,6883,6899,1.810608150784104
8,6899,6907,0.9050662693986434
4,6907,6911,0.4524738099377694
6,6911,6917,0.6786662687175007
30,6917,6947,3.3929982927290134
2,6947,6949,0.2260892223702171
10,6949,6959,1.1304093281194048
2,6959,6961,0.22604512079253883
6,6961,6967,0.6781133387838476
4,6967,6971,0.452031543014931
6,6971,6977,0.6780033370646498
6,6977,6983,0.6779374288530875
8,6983,6991,0.9038287867895652
6,6991,6997,0.6777839128804077
4,6997,7001,0.4518121571003536
12,7001,7013,1.3553489783503252
6,7013,7019,0.6775434333703033
8,7019,7027,0.9033040113497058
12,7027,7039,1.354781763865776
4,7039,7043,0.4515069465230854
14,7043,7057,1.5801729836022809
12,7057,7069,1.3541304737328919
10,7069,7079,1.1282257560150843
24,7079,7103,2.7073100279770936
6,7103,7109,0.6765691958509799
12,7109,7121,1.3530095703325025
6,7121,7127,0.6763761634319998
2,7127,7129,0.22543731737689782
22,7129,7151,2.4797320646380014
8,7151,7159,0.901407690368271
18,7159,7177,2.027911821078247
10,7177,7187,1.126299034915975
6,7187,7193,0.6756734601463228
14,7193,7207,1.576423264111935
4,7207,7211,0.45030805295657433
2,7211,7213,0.2251399631767111
6,7213,7219,0.6753988053283673
10,7219,7229,1.1255593261198973
8,7229,7237,0.9003071855206616
6,7237,7243,0.675146352202278
4,7243,7247,0.4500555994313113
6,7247,7253,0.6750414659241506
30,7253,7283,3.374893096115516
14,7283,7297,1.5742191224188595
10,7297,7307,1.124199468043504
2,7307,7309,0.2248052830884104
12,7309,7321,1.3487902076757339
10,7321,7331,1.1237846285141393
2,7331,7333,0.22472245400221344
16,7333,7349,1.7977245325808435
2,7349,7351,0.2246605498253223
18,7351,7369,2.0218831474234946
24,7369,7393,2.6951038178002795
18,7393,7411,2.0205900629449927
6,7411,7417,0.6733462115606326
16,7417,7433,1.795426835190786
18,7433,7451,2.0193668896695294
6,7451,7457,0.6729396960723015
2,7457,7459,0.2242929830758832
18,7459,7477,2.018576140728419
4,7477,7481,0.4484512607397279
6,7481,7487,0.6726365588833529
2,7487,7489,0.22419203667283769
10,7489,7499,1.1209266226238064
8,7499,7507,0.8966071866746107
10,7507,7517,1.1206250688310055
6,7517,7523,0.672274752686748
6,7523,7529,0.6722146578773264
8,7529,7537,0.8962061622768633
4,7537,7541,0.4480497763450815
6,7541,7547,0.6720347248684331
2,7547,7549,0.22399162133001124
10,7549,7559,1.1199248721787585
2,7559,7561,0.2239517722651724
12,7561,7573,1.343670829693494
4,7573,7577,0.44781075887188254
6,7577,7583,0.6716764308571034
6,7583,7589,0.6716169177597712
2,7589,7591,0.22385248742197056
12,7591,7603,1.34307531310213
4,7603,7607,0.44761263748024194
14,7607,7621,1.5665520275646765
18,7621,7639,2.0137240048541454
4,7639,7643,0.44737615088780713
6,7643,7649,0.671024938207007
20,7649,7669,2.2365535105734167
4,7669,7673,0.4471801181179004
8,7673,7681,0.8943081026401765
6,7681,7687,0.6706529513551835
4,7687,7691,0.44706294829618304
8,7691,7699,0.8940739122864438
4,7699,7703,0.4469850214216064
14,7703,7717,1.5643567758504848
6,7717,7723,0.6703026139772569
4,7723,7727,0.44682961254713893
14,7727,7741,1.5638131897975358
12,7741,7753,1.3401403293711664
4,7753,7757,0.44663618027650076
2,7757,7759,0.22330522924890947
30,7759,7789,3.349482027692626
4,7789,7793,0.44640526663636254
24,7793,7817,2.6782781410203405
6,7817,7823,0.6693398517565066
6,7823,7829,0.6692825656292383
12,7829,7841,1.3384506664309943
12,7841,7853,1.338222058319198
14,7853,7867,1.5609928573239311
6,7867,7873,0.6688641026746358
4,7873,7877,0.4458715075695881
2,7877,7879,0.2229231321879486
4,7879,7883,0.4458336486569423
18,7883,7901,2.0061379303364726
6,7901,7907,0.6685427005348218
12,7907,7919,1.3369723161600147
8,7919,7927,0.8911643072092216
6,7927,7933,0.6682980614772727
4,7933,7937,0.4454944970853524
12,7937,7949,1.3364084613092417
2,7949,7951,0.22269727476406556
12,7951,7963,1.3361462201411884
30,7963,7993,3.3398047273910136
16,7993,8009,1.780483828789774
2,8009,8011,0.22251096262537975
6,8011,8017,0.6675143448973352
22,8017,8039,2.447348749632257
14,8039,8053,1.5569291171161768
6,8053,8059,0.667126244614727
10,8059,8069,1.1117850062111183
12,8069,8081,1.3339580944079141
6,8081,8087,0.6668688830791021
2,8087,8089,0.22227129199102572
4,8089,8093,0.4445303675701286
8,8093,8101,0.8890118916362387
10,8101,8111,1.111142866360556
6,8111,8117,0.6665943453226871
6,8117,8123,0.666539586690734
24,8123,8147,2.665939510026482
14,8147,8161,1.554621911766566
6,8161,8167,0.6661395290321319
4,8167,8171,0.4440567866511733
8,8171,8179,0.8880652991646354
12,8179,8191,1.3319532562012237
18,8191,8209,1.997604812009771
10,8209,8219,1.1095101628567505
2,8219,8221,0.22187206308763271
10,8221,8231,1.1093303726863815
2,8231,8233,0.22183615846401458
4,8233,8237,0.4436603611565684
6,8237,8243,0.6654546903840239
20,8243,8263,2.2180031774107944
6,8263,8269,0.6652221739166214
4,8269,8273,0.4434457621295683
14,8273,8287,1.5519769589395516
4,8287,8291,0.4433388902120988
2,8291,8293,0.22165758970349986
4,8293,8297,0.44330332924444005
14,8297,8311,1.5514787378645125
6,8311,8317,0.6647952519625898
12,8317,8329,1.3294841971149607
24,8329,8353,2.6585437285460674
10,8353,8363,1.1073735979002675
6,8363,8369,0.664336139071783
8,8369,8377,0.8857111852727316
10,8377,8387,1.1070218787920396
2,8387,8389,0.2213751384462213
30,8389,8419,3.3205394413950318
4,8419,8423,0.44256372880221595
6,8423,8429,0.6638107067828113
2,8429,8431,0.22125280502376407
12,8431,8443,1.3274819892036631
4,8443,8447,0.44242438510552107
14,8447,8461,1.5484042286506663
6,8461,8467,0.6634802915875982
34,8467,8501,3.759426956465152
12,8501,8513,1.326268876307319
8,8513,8521,0.8840414259246804
6,8521,8527,0.6629622557601702
10,8527,8537,1.1048511620738175
2,8537,8539,0.2209416215808091
4,8539,8543,0.44187180864833875
20,8543,8563,2.209244747141705
10,8563,8573,1.1043371225362753
8,8573,8581,0.8833558414978678
16,8581,8597,1.766529745898458
2,8597,8599,0.22077081151727554
10,8599,8609,1.1038257146578017
14,8609,8623,1.5451577688762819
4,8623,8627,0.441394490372465
2,8627,8629,0.2206859513236513
12,8629,8641,1.3240818407349118
6,8641,8647,0.6619394192550346
16,8647,8663,1.7650366218661924
6,8663,8669,0.6617537799948551
8,8669,8677,0.8822710012755391
4,8677,8681,0.441090630177775
8,8681,8689,0.8821364277573578
4,8689,8693,0.4410234190771855
6,8693,8699,0.661501560823208
8,8699,8707,0.8819349926204594
6,8707,8713,0.661384221837529
6,8713,8719,0.661334004168985
12,8719,8731,1.3225676573743197
6,8731,8737,0.6611836040237659
4,8737,8741,0.44075570314173984
6,8741,8747,0.6611002118022324
6,8747,8753,0.6610502323345111
8,8753,8761,0.8813337262493676
18,8761,8779,1.9828013282994439
4,8779,8783,0.440522919938368
20,8783,8803,2.2025041050378937
4,8803,8807,0.4403905102689385
12,8807,8819,1.321105454450744
2,8819,8821,0.22015124081422385
10,8821,8831,1.1007287293776258
6,8831,8837,0.660354881897157
2,8837,8839,0.22010184101905625
10,8839,8849,1.1004817986604625
12,8849,8861,1.3204138558631688
2,8861,8863,0.22003616526619849
4,8863,8867,0.44006140416992057
20,8867,8887,2.200197802332877
6,8887,8893,0.6598957829815295
30,8893,8923,3.2992340160666
6,8923,8929,0.6596025076265365
4,8929,8933,0.4397025124907245
8,8933,8941,0.8793617311096518
10,8941,8951,1.0990940178332758
12,8951,8963,1.318750801361063
6,8963,8969,0.6592783342563198
2,8969,8971,0.21974328682287314
28,8971,8999,3.0763306528656185
2,8999,9001,0.2196626944686965
6,9001,9007,0.6589719998987924
4,9007,9011,0.4392825170112932
2,9011,9013,0.21963054923024827
16,9013,9029,1.7570015741324536
12,9029,9041,1.3174945748296116
2,9041,9043,0.2195504140279305
6,9043,9049,0.6586352496438067
10,9049,9059,1.097645496988064
8,9059,9067,0.8780099536132183
24,9067,9091,2.633774704648945
12,9091,9103,1.3165054401374572
6,9103,9109,0.6581574724026269
18,9109,9127,1.9743297178993109
6,9127,9133,0.6579674355690545
4,9133,9137,0.4386133477021173
14,9137,9151,1.5350730110435518
6,9151,9157,0.6577780070726249
4,9157,9161,0.43848716305505486
12,9161,9173,1.3153985144548186
8,9173,9181,0.8768065275266076
6,9181,9187,0.6575420714957868
12,9187,9199,1.3149899943335135
4,9199,9203,0.4382673072370612
6,9203,9209,0.6573696486471025
12,9209,9221,1.3146454228611926
6,9221,9227,0.6572289487446127
12,9227,9239,1.3143642463332905
2,9239,9241,0.21902952775679763
16,9241,9257,1.7521946871651641
20,9257,9277,2.1898285025584796
4,9277,9281,0.437862231906128
2,9281,9283,0.21892078540610924
10,9283,9293,1.0945781108378465
18,9293,9311,1.9700084366828372
8,9311,9319,0.8753739155410091
4,9319,9323,0.4376458301518778
14,9323,9337,1.5316884886674542
4,9337,9341,0.43755345013895497
2,9341,9343,0.21876647536099347
6,9343,9349,0.6562840575376313
22,9349,9371,2.4062059118094656
6,9371,9377,0.6560693179781384
14,9377,9391,1.5307212761964142
6,9391,9397,0.6559164107560042
6,9397,9403,0.6558706159598613
10,9403,9413,1.0930414279708
6,9413,9419,0.6557486705015833
2,9419,9421,0.21856766868641642
10,9421,9431,1.0928129874248773
2,9431,9433,0.2185372611408623
4,9433,9437,0.4370643956006056
2,9437,9439,0.21852207504247725
22,9439,9461,2.403687171863677
2,9461,9463,0.21846144808772922
4,9463,9467,0.43691280860356974
6,9467,9473,0.6553389618762281
6,9473,9479,0.6552936145212724
12,9479,9491,1.3104966042973634
6,9491,9497,0.6551577821525498
14,9497,9511,1.5285960070038933
10,9511,9521,1.0916787082237929
12,9521,9533,1.3098641817969325
6,9533,9539,0.6548420568616843
8,9539,9547,0.8730627888065691
4,9547,9551,0.43649146099926606
36,9551,9587,3.9282435862321434
14,9587,9601,1.5270234127016027
12,9601,9613,1.3086689173253994
6,9613,9619,0.6542453371212907
4,9619,9623,0.4361338847687008
6,9623,9629,0.6541711726245271
2,9629,9631,0.21804223965742253
12,9631,9643,1.3082238171706935
6,9643,9649,0.6540231248622506
12,9649,9661,1.3079575669002554
16,9661,9677,1.743707203442551
2,9677,9679,0.21792409999494025
10,9679,9689,1.0895959650273068
8,9689,9697,0.8715787062715413
22,9697,9719,2.3966259415497277
2,9719,9721,0.21782131175634975
12,9721,9733,1.3068985834635318
6,9733,9739,0.653361507488225
4,9739,9743,0.4355451098519255
6,9743,9749,0.6532884545740375
18,9749,9767,1.9597339999178216
2,9767,9769,0.2177044998282556
12,9769,9781,1.3061978870573028
6,9781,9787,0.6530116839287646
4,9787,9791,0.43531206866620187
12,9791,9803,1.3058781342323424
8,9803,9811,0.8704693947424322
6,9811,9817,0.652794104043961
12,9817,9829,1.3055013705472598
4,9829,9833,0.4351092963902907
6,9833,9839,0.6526350596718433
12,9839,9851,1.305183518230458
6,9851,9857,0.6525052543707898
2,9857,9859,0.21748735003181938
12,9859,9871,1.3048953115700646
12,9871,9883,1.3047227290275465
4,9883,9887,0.4348501339082521
14,9887,9901,1.521908518539063
6,9901,9907,0.6521461939152486
16,9907,9923,1.7389420134269806
6,9923,9929,0.651988905953233
2,9929,9931,0.2173153609666706
10,9931,9941,1.086553025914538
8,9941,9949,0.8691473749596956
18,9949,9967,1.955410699725853
6,9967,9973,0.6516755997358143
34,9973,10007,3.6925870375255276
2,10007,10009,0.21713074445499692
28,10009,10037,3.039764472497347
2,10037,10039,0.21706020392586675
22,10039,10061,2.3876106138511557
6,10061,10067,0.6510118680188198
2,10067,10069,0.21698991953796604
10,10069,10079,1.0849262148876004
12,10079,10091,1.301771262720721
2,10091,10093,0.21693387530374927
6,10093,10099,0.6507876368224135
4,10099,10103,0.4338304598584913
8,10103,10111,0.867623655923838
22,10111,10133,2.3857602509668507
6,10133,10139,0.6505085613872884
2,10139,10141,0.2168222719013643
10,10141,10151,1.0840881785933516
8,10151,10159,0.8671778859289907
4,10159,10163,0.4335519201523828
6,10163,10169,0.6503001330703212
8,10169,10177,0.8670113829847615
4,10177,10181,0.4334687483725169
12,10181,10193,1.3003508701817617
18,10193,10211,1.9502773561070035
12,10211,10223,1.2999364001325755
20,10223,10243,2.1662850445810546
4,10243,10247,0.4331653095288789
6,10247,10253,0.6497204936849894
6,10253,10259,0.6496793122239624
8,10259,10267,0.866184213427443
4,10267,10271,0.4330555573708076
2,10271,10273,0.2165186478445323
16,10273,10289,1.732112672369292
12,10289,10301,1.2988656751601784
2,10301,10303,0.21645030413405444
10,10303,10313,1.0822287824883805
8,10313,10321,0.8656921376494533
10,10321,10331,1.0820243801605292
2,10331,10333,0.21638220211806136
4,10333,10337,0.4327553410775888
6,10337,10343,0.6491058317403197
14,10343,10357,1.5144852004434075
12,10357,10369,1.2979402479829008
22,10369,10391,2.379259124918343
8,10391,10399,0.8649868676761143
28,10399,10427,3.0272021378549248
2,10427,10429,0.21616588170346257
4,10429,10433,0.432322801627113
20,10433,10453,2.161524421681225
4,10453,10457,0.4322154230245675
2,10457,10459,0.216098777870406
4,10459,10463,0.4321886252154722
14,10463,10477,1.512597696377003
10,10477,10487,1.0802708595597816
12,10487,10499,1.2961914464732418
2,10499,10501,0.21600522479926246
12,10501,10513,1.2960046874827456
16,10513,10529,1.727793132222948
2,10529,10531,0.2159386793627615
28,10531,10559,3.0230795167956197
8,10559,10567,0.8634894563092209
22,10567,10589,2.3744019055311805
8,10589,10597,0.8632251099357421
4,10597,10601,0.43157738566230214
6,10601,10607,0.6473397196683599
6,10607,10613,0.6473002040946292
14,10613,10627,1.5102750032697578
4,10627,10631,0.431445787681871
8,10631,10639,0.8628565508244042
12,10639,10651,1.2941798246764444
6,10651,10657,0.6470112510891688
6,10657,10663,0.6469719608555593
4,10663,10667,0.4312884650027121
20,10667,10687,2.1563551228474247
4,10687,10691,0.43118394149624284
18,10691,10709,1.9402494689415999
2,10709,10711,0.2155441893177339
12,10711,10723,1.2932391088124617
6,10723,10729,0.6465415351017592
4,10729,10733,0.43100171015784655
6,10733,10739,0.6464766000402903
14,10739,10753,1.5083545733464687
18,10753,10771,1.939040850758934
10,10771,10781,1.0770508596545416
8,10781,10789,0.8615545761642894
10,10789,10799,1.0768571959784161
32,10799,10831,3.4455992788778924
6,10831,10837,0.6458441022748946
10,10837,10847,1.076342673419321
6,10847,10853,0.6457414978738181
6,10853,10859,0.6457030686316664
2,10859,10861,0.21522155506629614
6,10861,10867,0.6456518697845386
16,10867,10883,1.7216360019059247
6,10883,10889,0.6455113089253377
2,10889,10891,0.2151576780209316
12,10891,10903,1.2909205629399505
6,10903,10909,0.6453838256256433
28,10909,10937,3.0116129681760055
2,10937,10939,0.21505591827028514
10,10939,10949,1.0752584503115599
8,10949,10957,0.8601222524107468
16,10957,10973,1.7201094272664175
6,10973,10979,0.6449398617335222
8,10979,10987,0.8598692904993672
6,10987,10993,0.644851481849697
10,10993,11003,1.0746894110528198
24,11003,11027,2.57900257462015
20,11027,11047,2.148665733050476
10,11047,11057,1.0741237577508542
2,11057,11059,0.2148038751512116
10,11059,11069,1.073998513118768
2,11069,11071,0.21477885372776154
12,11071,11083,1.2886481201654074
4,11083,11087,0.42949940736354897
6,11087,11093,0.6442241499362923
20,11093,11113,2.147289095922938
4,11113,11117,0.4293747792826763
2,11117,11119,0.21467909654276063
12,11119,11131,1.2880497081153164
18,11131,11149,1.9318508929397131
10,11149,11159,1.0730644098218454
2,11159,11161,0.2145922372353189
10,11161,11171,1.072940554929756
2,11171,11173,0.21456749320155097
4,11173,11177,0.42912674466929285
20,11177,11197,2.145551332879455
16,11197,11213,1.716111933629275
26,11213,11239,2.7882548543749133
4,11239,11243,0.42885576830000144
8,11243,11251,0.8576788152663887
6,11251,11257,0.6432100612438206
4,11257,11261,0.42878220091757535
12,11261,11273,1.286297616028449
6,11273,11279,0.6430753912732184
8,11279,11287,0.8573849579770088
12,11287,11299,1.2859797165266755
12,11299,11311,1.2858332934601906
6,11311,11317,0.6428435295527051
4,11317,11321,0.42853800418507354
8,11321,11329,0.8570435606503131
22,11329,11351,2.3566914441229643
2,11351,11353,0.21420016140811185
16,11353,11369,1.7135689580418199
14,11369,11383,1.4991467233571596
10,11383,11393,1.0706779925068755
6,11393,11399,0.642346403319212
12,11399,11411,1.2846203977834567
12,11411,11423,1.2844757187952016
14,11423,11437,1.4983864284754036
6,11437,11443,0.6420814401795781
4,11443,11447,0.4280302698255704
20,11447,11467,2.1400713128403197
4,11467,11471,0.42793432801174713
12,11471,11483,1.283755084229254
6,11483,11489,0.6418057531912318
2,11489,11491,0.2139232976242281
6,11491,11497,0.6417579444848595
6,11497,11503,0.641722114462721
16,11503,11519,1.7111634856853601
8,11519,11527,0.8554545755358431
22,11527,11549,2.3523254487177474
2,11549,11551,0.21380417843426092
28,11551,11579,2.9932030903455216
8,11579,11587,0.854979600739418
6,11587,11593,0.6411873723886793
4,11593,11597,0.42743460152269686
20,11597,11617,2.1370942264122648
4,11617,11621,0.4273401628993385
12,11621,11633,1.2819733384526675
24,11633,11657,2.563664011625952
20,11657,11677,2.1359164510157114
4,11677,11681,0.42710509863462554
8,11681,11689,0.8541789596468196
10,11689,11699,1.067645654159315
2,11699,11701,0.21350963770284764
16,11701,11717,1.7080459320271388
2,11717,11719,0.21347460097213275
12,11719,11731,1.2808242722049514
12,11731,11743,1.28068437184063
34,11743,11777,3.628209827565491
2,11777,11779,0.21335828189548645
4,11779,11783,0.42670883396724185
6,11783,11789,0.6400400686442669
12,11789,11801,1.280010626164596
6,11801,11807,0.6399358663014939
6,11807,11813,0.6399011750339906
8,11813,11821,0.853155340199166
6,11821,11827,0.6398203118569418
4,11827,11831,0.4265237945143699
2,11831,11833,0.21325420785023635
6,11833,11839,0.6397510929884302
24,11839,11863,2.5588660619338675
4,11863,11867,0.42638561184305496
20,11867,11887,2.1318514481075908
10,11887,11897,1.0657344309640573
6,11897,11903,0.639383358469129
6,11903,11909,0.6393490064419329
14,11909,11923,1.4917342426341147
4,11923,11927,0.42615643414527415
6,11927,11933,0.6392118080961203
6,11933,11939,0.6391775608326696
2,11939,11941,0.21304777815048606
12,11941,11953,1.2782638605883414
6,11953,11959,0.6390635539725551
10,11959,11969,1.065048995049869
2,11969,11971,0.21299083832027849
10,11971,11981,1.0649352424409435
6,11981,11987,0.6389043325237023
20,11987,12007,2.1295675745356557
4,12007,12011,0.4258379251057361
26,12011,12037,2.767848365563345
4,12037,12041,0.4257248262843456
2,12041,12043,0.21285488613741674
6,12043,12049,0.6385533713166301
22,12049,12071,2.341238253440957
2,12071,12073,0.2127985300944513
24,12073,12097,2.5535373487911683
4,12097,12101,0.42549965084121844
6,12101,12107,0.6382270309869028
2,12107,12109,0.21273112664659222
4,12109,12113,0.4254547782787703
6,12113,12119,0.6381597491110765
24,12119,12143,2.5525045539138493
6,12143,12149,0.637991897463311
8,12149,12157,0.8506111833030318
4,12157,12161,0.42527582580057566
2,12161,12163,0.21263047589049752
34,12163,12197,3.6146548944640524
6,12197,12203,0.6376910279983938
8,12203,12211,0.8502102637135954
16,12211,12227,1.7003021023964204
12,12227,12239,1.2750491507345096
2,12239,12241,0.21248604430506143
10,12241,12251,1.062411778087672
2,12251,12253,0.21246392313452775
10,12253,12263,1.0623011941349505
6,12263,12269,0.6373254846600406
8,12269,12277,0.8497231623634164
4,12277,12281,0.42483216785603994
8,12281,12289,0.8496349398120426
12,12289,12301,1.2743642742315604
22,12301,12323,2.3360923691350175
6,12323,12329,0.6369952364669627
14,12329,12343,1.4862454107589855
4,12343,12347,0.4245903911331486
26,12347,12373,2.759742624567925
4,12373,12377,0.42448101017750245
2,12377,12379,0.21223322517161197
12,12379,12391,1.2733775176948818
10,12391,12401,1.0610388395182275
8,12401,12409,0.8487584219130769
4,12409,12413,0.4243501766317711
8,12413,12421,0.8486713359535404
12,12421,12433,1.2729200029834746
4,12433,12437,0.42426320961271446
14,12437,12451,1.484870572127796
6,12451,12457,0.6362971766692834
16,12457,12473,1.6967057833775652
6,12473,12479,0.6361780737272644
8,12479,12487,0.8481941803899413
4,12487,12491,0.4240682756266949
6,12491,12497,0.6360808150977633
6,12497,12503,0.6360484332974056
8,12503,12511,0.8480214271130363
6,12511,12517,0.6359729489862369
10,12517,12527,1.059901049833286
12,12527,12539,1.2717736129177262
2,12539,12541,0.21194076234155196
6,12541,12547,0.635811541061099
6,12547,12553,0.6357793156278918
16,12553,12569,1.6953256236410212
8,12569,12577,0.8475484203907959
6,12577,12583,0.6356184681248154
6,12583,12589,0.6355863544179302
12,12589,12601,1.2711085185256221
10,12601,12611,1.0591502075484018
2,12611,12613,0.2118122451432541
6,12613,12619,0.6354260637661507
18,12619,12637,1.9061821832242336
4,12637,12641,0.42353210901734173
6,12641,12647,0.6352768754369937
6,12647,12653,0.6352449586037122
6,12653,12659,0.6352130601134639
12,12659,12671,1.2703623598937106
18,12671,12689,1.9053524235213986
8,12689,12697,0.846696071055629
6,12697,12703,0.6349796964941153
10,12703,12713,1.058246583518519
8,12713,12721,0.846526773101271
18,12721,12739,1.9045584595942278
4,12739,12743,0.4231719017145242
14,12743,12757,1.4810524652157007
6,12757,12763,0.6346630477192113
18,12763,12781,1.9038944463336442
10,12781,12791,1.057561488419694
8,12791,12799,0.845979217711646
10,12799,12809,1.057404108741366
12,12809,12821,1.2687801496858617
2,12821,12823,0.21144242390954812
6,12823,12829,0.6343168114662504
12,12829,12841,1.2685708850677255
12,12841,12853,1.268445515907773
36,12853,12889,3.804960865782063
4,12889,12893,0.4226484849276936
6,12893,12899,0.6339519424384616
8,12899,12907,0.8452277062003247
4,12907,12911,0.4225861710454877
6,12911,12917,0.6338585067160756
2,12917,12919,0.2112757988445896
4,12919,12923,0.42254468690837316
18,12923,12941,1.9013889115513634
12,12941,12953,1.267406261227
6,12953,12959,0.6336411022858642
8,12959,12967,0.8448134856228559
6,12967,12973,0.6335688238134224
6,12973,12979,0.6335378762533408
4,12979,12983,0.422337964016185
18,12983,13001,1.900459006473276
2,13001,13003,0.21113122772418638
4,13003,13007,0.42225559870762946
2,13007,13009,0.21112094452862948
24,13009,13033,2.533410216880537
4,13033,13037,0.42215290061382615
6,13037,13043,0.633208843751412
6,13043,13049,0.633178097280711
14,13049,13063,1.4773438585134533
30,13063,13093,3.1653786631110306
6,13093,13099,0.6329225409732442
4,13099,13103,0.42192796909973185
6,13103,13109,0.6328715715246495
12,13109,13121,1.2656820249212541
6,13121,13127,0.6327799451134569
20,13127,13147,2.109164789319351
4,13147,13151,0.42176524281695493
8,13151,13159,0.843503429551202
4,13159,13163,0.42172467363386795
8,13163,13171,0.8434223210534801
6,13171,13177,0.6325262238346726
6,13177,13183,0.6324958556684289
4,13183,13187,0.4216436694938139
30,13187,13217,3.162226396231916
2,13217,13219,0.21076460939041422
10,13219,13229,1.0538062437245213
12,13229,13241,1.2644667284799402
8,13241,13249,0.8428972889034866
10,13249,13259,1.053554564069127
8,13259,13267,0.8427766593103773
24,13267,13291,2.5281693293473904
6,13291,13297,0.6319220215974521
12,13297,13309,1.2637839700088995
4,13309,13313,0.42122130734200225
14,13313,13327,1.474227924339613
4,13327,13331,0.4211613651768641
6,13331,13337,0.6317220870076569
2,13337,13339,0.2105640531539433
28,13339,13367,2.9478502070965127
14,13367,13381,1.473599786913138
16,13381,13397,1.683928500321194
2,13397,13399,0.2104645924999823
12,13399,13411,1.2627677186143278
6,13411,13417,0.6313243877584825
4,13417,13421,0.42086311742262983
20,13421,13441,2.1042495910591
10,13441,13451,1.0519599837676048
6,13451,13457,0.6311266134962693
6,13457,13463,0.6310970087597948
6,13463,13469,0.6310674199954798
8,13469,13477,0.8413837962499529
10,13477,13487,1.0516640692838661
12,13487,13499,1.2618984486859286
14,13499,13513,1.4720771845229257
10,13513,13523,1.0513691099670837
14,13523,13537,1.471802283800956
16,13537,13553,1.6818767972367301
14,13553,13567,1.471459487072198
10,13567,13577,1.0509284495582818
14,13577,13591,1.4711859101952136
6,13591,13597,0.6304399687752993
16,13597,13613,1.6810952870192477
6,13613,13619,0.6303328458480547
8,13619,13627,0.8404048891457703
6,13627,13633,0.6302647857301633
16,13633,13649,1.6806283813476575
20,13649,13669,2.100526682962418
10,13669,13679,1.0501018532787978
2,13679,13681,0.21000424327131578
6,13681,13687,0.6300030585189329
4,13687,13691,0.41998270326343895
2,13691,13693,0.20998490923048851
4,13693,13697,0.41996337776773146
12,13697,13709,1.2598514993860765
2,13709,13711,0.20995594658227323
10,13711,13721,1.049763656753625
2,13721,13723,0.20993666370056935
6,13723,13729,0.6298003556122976
22,13729,13751,2.3091620175634904
6,13751,13757,0.6296656368985885
2,13757,13759,0.2098789372602587
4,13759,13763,0.41975147119206535
18,13763,13781,1.8888240056080439
8,13781,13789,0.839362217634412
10,13789,13799,1.0491388904637315
8,13799,13807,0.8392472812125107
22,13807,13829,2.3077897055563694
2,13829,13831,0.2097640307522115
10,13831,13841,1.0488042462117777
18,13841,13859,1.8877045503339778
14,13859,13873,1.4680145651937149
4,13873,13877,0.4193883316264953
2,13877,13879,0.209687827749907
4,13879,13883,0.4193693190938695
18,13883,13901,1.8871049231774975
2,13901,13903,0.20964984572239487
4,13903,13907,0.41929336826897895
6,13907,13913,0.6289210878264738
8,13913,13921,0.8385235377721985
10,13921,13931,1.0480912728852023
2,13931,13933,0.20960247958500627
30,13933,13963,3.143989893453633
4,13963,13967,0.41910418301513913
30,13967,13997,3.1431870422987256
2,13997,13999,0.20949870699143427
10,13999,14009,1.0474778580563828
2,14009,14011,0.20947990283312393
18,14011,14029,1.8852909363073358
4,14029,14033,0.41889721164236954
18,14033,14051,1.8849811760479933
6,14051,14057,0.6282427241241172
14,14057,14071,1.4658341638180319
10,14071,14081,1.0469152869478033
2,14081,14083,0.20936748549197823
4,14083,14087,0.4187287454346962
20,14087,14107,2.093581487716207
36,14107,14143,3.767887099255281
6,14143,14149,0.6278137118841703
4,14149,14153,0.41852390007741813
6,14153,14159,0.6277672835403659
14,14159,14173,1.4647253729993177
4,14173,14177,0.4184496971647016
20,14177,14197,2.0921867239253173
10,14197,14207,1.0459391150962987
14,14207,14221,1.4642069262270578
22,14221,14243,2.300659603703719
6,14243,14249,0.6273512053454592
2,14249,14251,0.2091078599640041
30,14251,14281,3.136571872664764
12,14281,14293,1.2543529626036332
10,14293,14303,1.0452023700682624
18,14303,14321,1.8812267459988197
2,14321,14323,0.20899772249642845
4,14323,14327,0.41798934536840837
14,14327,14341,1.4629200222284249
6,14341,14347,0.6269017425659092
22,14347,14369,2.2985392655266694
18,14369,14387,1.8803220189357206
2,14387,14389,0.20889734964853635
12,14389,14401,1.2533659004478512
6,14401,14407,0.6266283899806648
4,14407,14411,0.41773408697668596
8,14411,14419,0.835443953437073
4,14419,14423,0.41769776838805295
8,14423,14431,0.8353713406214015
6,14431,14437,0.6264922294788716
10,14437,14447,1.0441083973966285
2,14447,14449,0.2088065834596655
12,14449,14461,1.2528213946287352
18,14461,14479,1.8790692321526339
10,14479,14489,1.0437918047330212
14,14489,14503,1.4612032247751074
16,14503,14519,1.6697782282015747
14,14519,14533,1.4608878455508534
4,14533,14537,0.4173545537189407
6,14537,14543,0.6260138553644533
6,14543,14549,0.6259869037495575
2,14549,14551,0.2086533218569776
6,14551,14557,0.6259509891617635
4,14557,14561,0.41728271258598787
2,14561,14563,0.20863537649105762
28,14563,14591,2.920853422684003
2,14591,14593,0.20859059116735762
28,14593,14621,2.9202265321146874
6,14621,14627,0.6256377509830258
2,14627,14629,0.20853699545313142
4,14629,14633,0.41706804517771645
6,14633,14639,0.62558423500083
14,14639,14653,1.4596341594221933
4,14653,14657,0.41699677296903204
12,14657,14669,1.2509547239506815
14,14669,14683,1.4593226777242692
16,14683,14699,1.6676315233564838
14,14699,14713,1.4590119648996134
4,14713,14717,0.41681920792120825
6,14717,14723,0.6252111020620401
8,14723,14731,0.8335793976474116
6,14731,14737,0.6251491634677215
4,14737,14741,0.41674842675138996
6,14741,14747,0.6251049651482954
6,14747,14753,0.625078463543808
6,14753,14759,0.6250519749652633
8,14759,14767,0.8333673325344935
4,14767,14771,0.4166601459148203
8,14771,14779,0.8332967830232673
4,14779,14783,0.4166248942397163
14,14783,14797,1.4581460297822348
16,14797,14813,1.6662883260949857
8,14813,14821,0.833050404027001
6,14821,14827,0.6247526777935993
4,14827,14831,0.41648423260242945
12,14831,14843,1.2494176069221057
8,14843,14851,0.8328749352252496
16,14851,14867,1.665656431807924
2,14867,14869,0.20818371710400066
10,14869,14879,1.0409040106433278
8,14879,14887,0.832664937417074
4,14887,14891,0.4163091772979741
6,14891,14897,0.6244463058939397
26,14897,14923,2.705820547889334
6,14923,14929,0.6243068291405918
10,14929,14939,1.0404678624583505
8,14939,14947,0.8323163015914585
4,14947,14951,0.41613497232223673
6,14951,14957,0.6241850830573191
12,14957,14969,1.2483180608904192
14,14969,14983,1.4562495805121933
30,14983,15013,3.1202314075300914
4,15013,15017,0.4159443199351869
14,15017,15031,1.4557647922939603
22,15031,15053,2.2874087472248568
8,15053,15061,0.8316585302143761
12,15061,15073,1.2474188953687522
4,15073,15077,0.4157718760946778
6,15077,15083,0.6236406139941155
8,15083,15091,0.8314864321391983
10,15091,15101,1.0393007614239291
6,15101,15107,0.6235375287242517
14,15107,15121,1.4548608394227698
10,15121,15131,1.0390862922997972
6,15131,15137,0.6234089500646527
2,15137,15139,0.20779442376024682
10,15139,15149,1.0389578573631582
12,15149,15161,1.2466639011480816
12,15161,15173,1.2465613578866734
14,15173,15187,1.454202064705175
6,15187,15193,0.6231697583566647
6,15193,15199,0.6231441938654361
18,15199,15217,1.869355924692789
10,15217,15227,1.0384034294901219
6,15227,15233,0.6229995583575053
8,15233,15241,0.8306320999086221
18,15241,15259,1.8688203476397516
4,15259,15263,0.41524252443782667
6,15263,15269,0.622846839373115
2,15269,15271,0.20760714283389547
6,15271,15277,0.6228129608907162
10,15277,15287,1.037979276818097
2,15287,15289,0.20758175605929252
10,15289,15299,1.037894687674656
8,15299,15307,0.8302594063540607
6,15307,15313,0.6226607725022566
6,15313,15319,0.622635449793235
10,15319,15329,1.037683565104493
2,15329,15331,0.207522660367434
18,15331,15349,1.867678660485974
10,15349,15359,1.0374729412039347
2,15359,15361,0.20748056873554416
12,15361,15373,1.2448665969425683
4,15373,15377,0.4149219198677373
6,15377,15383,0.6223660841377394
8,15383,15391,0.8297878673744481
10,15391,15401,1.0371789013859256
12,15401,15413,1.2445308416282677
14,15413,15427,1.4518353736918481
12,15427,15439,1.2443131647954506
4,15439,15443,0.41473761596975584
8,15443,15451,0.8294529532436817
10,15451,15461,1.036760520932791
6,15461,15467,0.6220145889447835
6,15467,15473,0.6219895704119445
20,15473,15493,2.07321521197936
4,15493,15497,0.4145875280065885
14,15497,15511,1.4510175242881886
16,15511,15527,1.6581505559188998
14,15527,15541,1.4507267313675525
10,15541,15551,1.0361366143116435
8,15551,15559,0.8288540485535706
10,15559,15569,1.0360123563811392
12,15569,15581,1.2431320789912945
2,15581,15583,0.20717214420741514
18,15583,15601,1.8645245078820905
6,15601,15607,0.6214338569040282
12,15607,15619,1.2428182182089609
10,15619,15629,1.0355994132368023
12,15629,15641,1.242636930669096
2,15641,15643,0.2070896960570284
4,15643,15647,0.4141739087264471
2,15647,15649,0.2070814722447671
12,15649,15661,1.242472390919249
6,15661,15667,0.6211868944309613
4,15667,15671,0.41410817400859734
8,15671,15679,0.8281944600793908
4,15679,15683,0.4140753522138451
44,15683,15727,4.554708601883782
4,15727,15731,0.4139443675918471
2,15731,15733,0.20696673699603035
4,15733,15737,0.41392802844581644
2,15737,15739,0.20695856992972222
10,15739,15749,1.0347792420471105
12,15749,15761,1.2416534823967893
6,15761,15767,0.6207778176200828
6,15767,15773,0.6207533726867772
14,15773,15787,1.4483675242820553
4,15787,15791,0.41378131372576316
6,15791,15797,0.620655705104168
6,15797,15803,0.6206313161987738
6,15803,15809,0.6206069384705653
8,15809,15817,0.8274434292134725
6,15817,15823,0.6205501005185832
36,15823,15859,3.72315455987736
18,15859,15877,1.8611398508430097
4,15877,15881,0.4135381300938796
6,15881,15887,0.6202910408490817
2,15887,15889,0.206755606205232
12,15889,15901,1.24051749398197
6,15901,15907,0.6202103429760776
6,15907,15913,0.6201861574960718
6,15913,15919,0.6201619830220407
4,15919,15923,0.4134252130298371
14,15923,15937,1.4469506722175163
22,15937,15959,2.2735731150046052
12,15959,15971,1.2399540200896089
2,15971,15973,0.20664295400447832
18,15973,15991,1.859762524756661
10,15991,16001,1.0330811870325427
6,16001,16007,0.6198086826677328
26,16007,16033,2.6857336108325973
24,16033,16057,2.478723162662216
4,16057,16061,0.41305671573986796
2,16061,16063,0.2065230458497905
4,16063,16067,0.4130407808765056
2,16067,16069,0.20651508081169306
4,16069,16073,0.41302485319290044
14,16073,16087,1.4455498355304073
4,16087,16091,0.41297711316105074
6,16091,16097,0.6194497695253486
6,16097,16103,0.6194259281401822
8,16103,16111,0.8258694632988299
16,16111,16127,1.6516542397640726
12,16127,16139,1.2386137636469807
2,16139,16141,0.20641977936080477
42,16141,16183,4.3347599279034785
4,16183,16187,0.41272358347251664
2,16187,16189,0.2063565295671642
4,16189,16193,0.4127077981416759
24,16193,16217,2.4761836710490623
6,16217,16223,0.618951339701131
6,16223,16229,0.6189277215663092
2,16229,16231,0.20630137132210533
18,16231,16249,1.8566887413176825
4,16249,16253,0.4125503319600669
14,16253,16267,1.4438895070637012
6,16267,16273,0.6187548432507617
28,16273,16301,2.8874127923304362
18,16301,16319,1.855864924023457
14,16319,16333,1.4432862693238522
6,16333,16339,0.6184965806094029
10,16339,16349,1.0307886077062303
12,16349,16361,1.2368683220389984
2,16361,16363,0.2061291315532537
6,16363,16369,0.6183796042887209
12,16369,16381,1.2367124801292781
30,16381,16411,3.0915477129454474
6,16411,16417,0.6181929791819082
4,16417,16421,0.4121131315592685
6,16421,16427,0.6181541818107394
6,16427,16433,0.6181309170630812
14,16433,16447,1.4422512126435614
4,16447,16451,0.4120356279047699
2,16451,16453,0.20601265348345352
24,16453,16477,2.4721208857970636
4,16477,16481,0.41195829455757077
6,16481,16487,0.617921994412833
6,16487,16493,0.617898831753122
26,16493,16519,2.677461276779402
10,16519,16529,1.0296257816929657
18,16529,16547,1.8532109317500445
6,16547,16553,0.6176677627885813
8,16553,16561,0.8235262819673479
6,16561,16567,0.617613992059888
6,16567,16573,0.6175909642390082
30,16573,16603,3.087839732363504
4,16603,16607,0.41163533878458197
12,16607,16619,1.234875403986523
12,16619,16631,1.234783620203454
2,16631,16633,0.20578198604974418
16,16633,16649,1.646235520094969
2,16649,16651,0.20575908498871237
6,16651,16657,0.6172696268079535
4,16657,16661,0.4114978326402129
12,16661,16673,1.2344630051627576
18,16673,16691,1.8515573697364798
2,16691,16693,0.20570576507868374
6,16693,16699,0.6171096902144172
4,16699,16703,0.41139125449294783
26,16703,16729,2.673977286838388
12,16729,16741,1.23394597477529
6,16741,16747,0.6169274985775933
12,16747,16759,1.2338095378240808
4,16759,16763,0.41123955934717726
24,16763,16787,2.46737681775241
24,16787,16811,2.4670139531279496
12,16811,16823,1.2333258566988192
6,16823,16829,0.61661770681205
2,16829,16831,0.2055317035411938
12,16831,16843,1.233175161437775
28,16843,16871,2.877197978345308
8,16871,16879,0.8219162783341127
4,16879,16883,0.4109381239528465
6,16883,16889,0.6163921809504389
12,16889,16901,1.232739363031251
2,16901,16903,0.205441570512819
18,16903,16921,1.84895166085289
6,16921,16927,0.6162498470412889
4,16927,16931,0.41081827232634405
6,16931,16937,0.6162124547806593
6,16937,16943,0.6161900322002692
20,16943,16963,2.0538920639754976
16,16963,16979,1.6429146085526831
2,16979,16981,0.20534444725126894
6,16981,16987,0.6160258919601422
6,16987,16993,0.6160035489231885
18,16993,17011,1.847943646189454
10,17011,17021,1.0265237863388177
6,17021,17027,0.6158771177994661
2,17027,17029,0.20528494600782346
4,17029,17033,0.4105649423561378
8,17033,17041,0.8211100902775135
6,17041,17047,0.6158028886581386
6,17047,17053,0.6157806403888916
24,17053,17077,2.463033606222605
16,17077,17093,1.641785441160867
6,17093,17099,0.6156103832659636
8,17099,17107,0.8207842887079325
10,17107,17117,1.0259311257703345
6,17117,17123,0.6155217725307491
14,17123,17137,1.4361658342297123
22,17137,17159,2.2566428300334755
8,17159,17167,0.8204894179426132
16,17167,17183,1.6409003914739069
6,17183,17189,0.6152788630239542
2,17189,17191,0.20508561203691456
12,17191,17203,1.230498991730556
4,17203,17207,0.4101369839951368
2,17207,17209,0.20506360364137524
22,17209,17231,2.2556727597445003
8,17231,17239,0.8201372089307225
18,17239,17257,1.845220914213208
34,17257,17291,3.4850444462777914
2,17291,17293,0.20496126336135373
6,17293,17299,0.6148765019817712
18,17299,17317,1.8445639313020936
4,17317,17321,0.40985941593020736
6,17321,17327,0.6147745750674696
6,17327,17333,0.6147527594146054
8,17333,17341,0.8196412704829211
10,17341,17351,1.024503152671883
8,17351,17359,0.8195541169835867
18,17359,17377,1.8439096883756623
6,17377,17383,0.6145713155495813
4,17383,17387,0.40969972304186103
2,17387,17389,0.20484503408612456
4,17389,17393,0.40968524174095156
8,17393,17401,0.8193511817690371
16,17401,17417,1.63862518876607
2,17417,17419,0.20480887092338237
12,17419,17431,1.2288387762876478
12,17431,17443,1.2287521227258384
6,17443,17449,0.6143327705029314
18,17449,17467,1.8429334155783688
4,17467,17471,0.40949753088417445
6,17471,17477,0.6142318978806339
6,17477,17483,0.6142103076570631
6,17483,17489,0.6141887263612803
2,17489,17491,0.20472238466215958
6,17491,17497,0.614159965176143
12,17497,17509,1.2282768093708143
10,17509,17519,1.023492184020893
20,17519,17539,2.0468647522982297
12,17539,17551,1.2279754604291226
18,17551,17569,1.8418342805617876
4,17569,17573,0.4092535809748292
6,17573,17579,0.6138660736482342
2,17579,17581,0.20461487809213758
16,17581,17597,1.6368999727411548
2,17597,17599,0.20459345633758746
10,17599,17609,1.022955388860405
14,17609,17623,1.432054328786971
4,17623,17627,0.4091251207166028
30,17627,17657,3.0683671800639774
2,17657,17659,0.2045222406698311
10,17659,17669,1.0225993591814992
12,17669,17681,1.2270481950841778
2,17681,17683,0.20449383597643533
24,17683,17707,2.4538976521818476
6,17707,17713,0.6133893497554939
16,17713,17729,1.6356482816793112
8,17729,17737,0.8177486626338124
10,17737,17747,1.0221386928632186
2,17747,17749,0.20441596191445166
12,17749,17761,1.2264816452513287
22,17761,17783,2.248394368146419
6,17783,17789,0.6131208960821457
2,17789,17791,0.20436658708044678
16,17791,17807,1.6349139152058356
20,17807,17827,2.0434546939826155
10,17827,17837,1.021610177191049
2,17837,17839,0.2043103303283938
12,17839,17851,1.2258479415287142
12,17851,17863,1.225763738670072
18,17863,17881,1.8385194059271868
10,17881,17891,1.0212946078448204
12,17891,17903,1.225483554026424
6,17903,17909,0.6126998228541578
2,17909,17911,0.20422628615724683
10,17911,17921,1.0211197870396096
2,17921,17923,0.20421231835654635
6,17923,17929,0.6126299744543334
10,17929,17939,1.0210150637254483
18,17939,17957,1.837722489837195
2,17957,17959,0.20417048243771455
12,17959,17971,1.2250089670913693
6,17971,17977,0.61246272054248
4,17977,17981,0.40829456775432765
6,17981,17987,0.6124279436831307
2,17987,17989,0.20413569624814443
24,17989,18013,2.4496005558385563
28,18013,18041,2.8574784655324974
2,18041,18043,0.20407325681081098
4,18043,18047,0.40814189712421184
2,18047,18049,0.20406633298878224
10,18049,18059,1.0203201283200596
2,18059,18061,0.20405249365604505
16,18061,18077,1.6324015054167895
12,18077,18089,1.224190532427547
8,18089,18097,0.8160717748464126
22,18097,18119,2.2440961624797606
2,18119,18121,0.2039834626885155
6,18121,18127,0.6119434991939096
4,18127,18131,0.40794855871346397
2,18131,18133,0.20396968952049177
10,18133,18143,1.0198369752976153
6,18143,18149,0.6118677819696238
20,18149,18169,2.039490503335573
12,18169,18181,1.223556880728653
10,18181,18191,1.0195620961268792
8,18191,18199,0.8156039516790499
12,18199,18211,1.2233510899258677
6,18211,18217,0.6116344439637166
6,18217,18223,0.6116139056890646
6,18223,18229,0.6115933755564358
4,18229,18233,0.4077152357065845
18,18233,18251,1.8346775302378173
2,18251,18253,0.2038325585839071
4,18253,18257,0.4076605645436641
12,18257,18269,1.2229543832899188
18,18269,18287,1.8343087431986622
2,18287,18289,0.20379163084327867
12,18289,18301,1.2227361595458766
6,18301,18307,0.6113272220562659
4,18307,18311,0.40753787019316146
2,18311,18313,0.20376439952884162
16,18313,18329,1.630097057537612
12,18329,18341,1.2224640253382806
12,18341,18353,1.2223825244539237
14,18353,18367,1.4260179356869902
4,18367,18371,0.40740205306400784
8,18371,18379,0.8147860351658052
18,18379,18397,1.833187291752789
4,18397,18401,0.4073343446188787
12,18401,18413,1.2219759806044397
14,18413,18427,1.4255440071830903
6,18427,18433,0.6109001534145749
6,18433,18439,0.6108799045469298
4,18439,18443,0.40723977574061276
8,18443,18451,0.8144615654096162
6,18451,18457,0.6108192055108849
4,18457,18461,0.4071993255569452
20,18461,18481,2.0359517153751368
12,18481,18493,1.2214363973279825
10,18493,18503,1.0177964186113269
14,18503,18517,1.424836588736556
4,18517,18521,0.40706483374816677
2,18521,18523,0.2035279431406928
16,18523,18539,1.6282056536803409
2,18539,18541,0.20350782572072784
12,18541,18553,1.2210335514180337
30,18553,18583,3.0523829262565876
4,18583,18587,0.40691749721778747
6,18587,18593,0.6103628819667252
24,18593,18617,2.441371370659871
20,18617,18637,2.034209210702578
24,18637,18661,2.440784500698913
10,18661,18671,1.0168604550588172
8,18671,18679,0.8134440503694041
12,18679,18691,1.2201129299788
10,18691,18701,1.016694385792685
12,18701,18713,1.2199669207631194
6,18713,18719,0.6099436832316913
12,18719,18731,1.2198476123304474
12,18731,18743,1.21976815004386
6,18743,18749,0.609844374495169
8,18749,18757,0.8130993809325182
16,18757,18773,1.6261282556048111
14,18773,18787,1.4227389326273587
6,18787,18793,0.609699067136347
4,18793,18797,0.40645285615036214
6,18797,18803,0.6096660998398814
36,18803,18839,3.6578779775382677
20,18839,18859,2.031759557580325
10,18859,18869,1.0157702875076766
30,18869,18899,3.047146782728922
12,18899,18911,1.2186620681550504
2,18911,18913,0.20309725255148003
4,18913,18917,0.40619014299942086
2,18917,18919,0.20309071022850045
28,18919,18947,2.8432394201250175
12,18947,18959,1.2183482161119503
14,18959,18973,1.4213148863038736
6,18973,18979,0.6090893060270139
22,18979,19001,2.233255772663619
8,19001,19009,0.8119975159641843
4,19009,19013,0.40598141223607104
18,19013,19031,1.8268773419516995
6,19031,19037,0.6089006350197202
14,19037,19051,1.4207226992377628
18,19051,19069,1.82650720913952
4,19069,19073,0.4058515984264274
6,19073,19079,0.6087644424709059
2,19079,19081,0.20291500528153647
6,19081,19087,0.6087385419355651
34,19087,19121,3.44940837559464
18,19121,19139,1.8258277047201985
2,19139,19141,0.2028503842852274
16,19141,19157,1.6227858756016322
6,19157,19163,0.6084931364737662
18,19163,19181,1.825421436747786
2,19181,19183,0.2028052944044369
24,19183,19207,2.4336378027608903
4,19207,19211,0.405554882183464
2,19211,19213,0.2027731599919711
6,19213,19219,0.6083130595323647
12,19219,19231,1.2165876060477205
6,19231,19237,0.6082553116897881
12,19237,19249,1.21647215370842
10,19249,19259,1.0136627147016382
8,19259,19267,0.8108874810776157
6,19267,19273,0.608140010791154
16,19273,19289,1.6216555177776883
12,19289,19301,1.2161393532232765
8,19301,19309,0.8107084708882195
10,19309,19319,1.0133430335316442
14,19319,19333,1.4186058172894196
40,19333,19373,4.052861981652102
6,19373,19379,0.6078020126642143
2,19379,19381,0.2025943157459446
6,19381,19387,0.6077765936731676
4,19387,19391,0.4051716918060147
12,19391,19403,1.2154896753453286
14,19403,19417,1.4179824317364367
4,19417,19421,0.4051082427705583
2,19421,19423,0.20254989590339575
4,19423,19427,0.4050955671097973
2,19427,19429,0.20254355964249465
4,19429,19433,0.40508289615693643
8,19433,19441,0.8101489029378718
6,19441,19447,0.6075863525430188
10,19447,19457,1.012612278783766
6,19457,19463,0.607535740796659
6,19463,19469,0.6075167742932447
2,19469,19471,0.20249927160650244
6,19471,19477,0.6074914965562476
6,19477,19483,0.607472546447935
6,19483,19489,0.6074536033580892
12,19489,19501,1.2148693345638268
6,19501,19507,0.6073968161514106
24,19507,19531,2.4295116043500578
10,19531,19541,1.0121705178825795
2,19541,19543,0.2024236159014231
10,19543,19553,1.0121075957040564
6,19553,19559,0.6072331176196863
12,19559,19571,1.2144285260337184
6,19571,19577,0.6071765746664513
6,19577,19583,0.6071577409094117
14,19583,19597,1.4166574662135392
6,19597,19603,0.6070950118088325
6,19603,19609,0.6070762080873736
52,19609,19661,5.261164231133628
20,19661,19681,2.0229826492694207
6,19681,19687,0.6068323876079882
10,19687,19697,1.0113561338716999
2,19697,19699,0.2022608389140681
10,19699,19709,1.0112938105143614
8,19709,19717,0.8089935273921752
10,19717,19727,1.0112004110106938
12,19727,19739,1.2133782800173276
12,19739,19751,1.2133036742112806
2,19751,19753,0.20220485381872152
6,19753,19759,0.6066083514949887
4,19759,19763,0.4043931507639319
14,19763,19777,1.4153470637215084
16,19777,19793,1.6174237089836188
8,19793,19801,0.8086457477000085
12,19801,19813,1.2129190775853849
6,19813,19819,0.6064224033696288
22,19819,19841,2.223480767918415
2,19841,19843,0.20211195303199592
10,19843,19853,1.0105494716347543
8,19853,19861,0.8083984181677576
6,19861,19867,0.6062741315965293
22,19867,19889,2.222937302359202
2,19889,19891,0.202062612838668
22,19891,19913,2.222666161148306
6,19913,19919,0.6061139891670231
8,19919,19927,0.8081273913945196
10,19927,19937,1.0101182662847343
12,19937,19949,1.212080493459385
12,19949,19961,1.2120068310273462
2,19961,19963,0.20198887030621238
10,19963,19973,1.0099341323418702
6,19973,19979,0.6059298329090861
12,19979,19991,1.211822907725585
2,19991,19993,0.20195823855501954
4,19993,19997,0.40391239680610463
14,19997,20011,1.4136648318445013
10,20011,20021,1.0096892403339912
2,20021,20023,0.20192766200605217
6,20023,20029,0.6057768765831105
18,20029,20047,1.8172756580335498
4,20047,20051,0.4038024136819769
12,20051,20063,1.211382842855624
8,20063,20071,0.8075397889130531
18,20071,20089,1.8168914093856277
12,20089,20101,1.2111513514114742
6,20101,20107,0.6055391790838474
6,20107,20113,0.6055209405912088
4,20113,20117,0.4036684724255536
6,20117,20123,0.6054905576341408
6,20123,20129,0.6054723365712471
14,20129,20143,1.4127262847520248
4,20143,20147,0.40360776454600733
2,20147,20149,0.20179983918627012
12,20149,20161,1.2107869080279081
12,20161,20173,1.2107141758563975
4,20173,20177,0.4035471652308558
6,20177,20183,0.6053086402583449
18,20183,20201,1.8158714528519373
18,20201,20219,1.8157081657658007
12,20219,20231,1.2103633689569546
2,20231,20233,0.20171515653310956
16,20233,20249,1.613705163455569
12,20249,20261,1.2101823913073895
8,20261,20269,0.806740060296728
18,20269,20287,1.8150928776781683
10,20287,20297,1.0082946791284029
26,20297,20323,2.621435908492979
4,20323,20327,0.40324578465466104
6,20327,20333,0.6048566766914142
8,20333,20341,0.8064515754332792
6,20341,20347,0.6048146980094214
6,20347,20353,0.6047967177721589
4,20353,20357,0.4031858292698277
2,20357,20359,0.20158892162106976
10,20359,20369,1.0079346273383407
20,20369,20389,2.015769482338103
4,20389,20393,0.4031140228226759
6,20393,20399,0.6046590805998028
8,20399,20407,0.8061882072397074
4,20407,20411,0.4030781767033798
20,20411,20431,2.0153510802907997
10,20431,20441,1.0075761023241077
2,20441,20443,0.20150528545238441
34,20443,20477,3.4255560855612224
2,20477,20479,0.20146956770087943
4,20479,20483,0.4029351711877333
24,20483,20507,2.417563464929647
2,20507,20509,0.20143986049158352
12,20509,20521,1.2086272912061269
12,20521,20533,1.2085560899429093
10,20533,20543,1.0070707822373886
6,20543,20549,0.6042128420607352
2,20549,20551,0.20139835800244082
12,20551,20563,1.2083783054157764
30,20563,20593,3.0207681972185347
6,20593,20599,0.604064965104178
12,20599,20611,1.208094497718272
16,20611,20627,1.6106982265595728
12,20627,20639,1.20792930987822
2,20639,20641,0.20130976625530334
22,20641,20663,2.2143858310615148
18,20663,20681,1.8115759813424803
12,20681,20693,1.2076114927161352
14,20693,20707,1.4087978357237283
10,20707,20717,1.0062156874785928
2,20717,20719,0.20123336131915728
12,20719,20731,1.2073884405843855
12,20731,20743,1.2073181051457855
4,20743,20747,0.4024159395318946
2,20747,20749,0.2012040667664864
4,20749,20753,0.40240423121140606
6,20753,20759,0.6035946418853668
12,20759,20771,1.207154179135952
2,20771,20773,0.20118066773589033
16,20773,20789,1.609429754261815
18,20789,20807,1.810468257884693
2,20807,20809,0.20114563001397615
40,20809,20849,4.02287371218514
8,20849,20857,0.8044193783501647
16,20857,20873,1.6087766969887114
6,20873,20879,0.6032447487351617
8,20879,20887,0.8043030900479743
10,20887,20897,1.0053401421561572
2,20897,20899,0.20105835333849806
4,20899,20903,0.4021128379744829
18,20903,20921,1.8094729585647662
8,20921,20929,0.8041406231446317
10,20929,20939,1.0051371518519137
8,20939,20947,0.8040711143464812
12,20947,20959,1.2060603668682894
4,20959,20963,0.40199698323333616
18,20963,20981,1.80895173187594
2,20981,20983,0.2009773014631329
18,20983,21001,1.8087783876797021
10,21001,21011,1.004790304152813
2,21011,21013,0.20094844876464013
4,21013,21017,0.401893054021483
2,21017,21019,0.20094268416185904
4,21019,21023,0.401881526133565
8,21023,21031,0.8037476861405087
28,21031,21059,2.8130093754631558
2,21059,21061,0.20090238720182077
6,21061,21067,0.6027014121205356
22,21067,21089,2.2098419478630515
12,21089,21101,1.2052419762209825
6,21101,21107,0.6025865599220148
14,21107,21121,1.405995160834922
18,21121,21139,1.8075876954715002
4,21139,21143,0.4016517948291038
6,21143,21149,0.6024662461602246
8,21149,21157,0.8032654425464103
6,21157,21163,0.6024262053363573
6,21163,21169,0.6024090547218333
10,21169,21179,1.0039865165752346
8,21179,21187,0.8031511310404218
4,21187,21191,0.4015603404035886
2,21191,21193,0.20077636521685865
18,21193,21211,1.8069701674300904
10,21211,21221,1.003786766099719
6,21221,21227,0.6022435658753015
20,21227,21247,2.0074215911411306
22,21247,21269,2.207955043895825
8,21269,21277,0.8028093597023754
6,21277,21283,0.6020842980677835
30,21283,21313,3.0103363175832447
4,21313,21317,0.40132145144356285
2,21317,21319,0.2006569477279864
4,21319,21323,0.40131011810052436
18,21323,21341,1.8058615409964516
6,21341,21347,0.6019028928758962
30,21347,21377,3.0094295981691648
2,21377,21379,0.20060037975157757
4,21379,21383,0.4011969948727133
8,21383,21391,0.8023789337603037
6,21391,21397,0.6017616239487951
4,21397,21401,0.401163132214368
6,21401,21407,0.6017334177353882
12,21407,21419,1.2034330032030334
14,21419,21433,1.4039262682763485
34,21433,21467,3.409311829761437
14,21467,21481,1.4036111896385088
6,21481,21487,0.601508336139809
4,21487,21491,0.40099433040019195
2,21491,21493,0.2004934239033162
6,21493,21499,0.6014746607051933
4,21499,21503,0.4009718876340214
14,21503,21517,1.403375435187568
4,21517,21521,0.4009382516661767
2,21521,21523,0.20046539079690928
6,21523,21529,0.6013905707739693
28,21529,21557,2.8064109251368796
2,21557,21559,0.20043181292796988
4,21559,21563,0.400859898929679
6,21563,21569,0.60127866948318
8,21569,21577,0.8016825410438164
10,21577,21587,1.0020659381470365
2,21587,21589,0.20040388274995363
10,21589,21599,1.0020101119748406
2,21599,21601,0.2003927237222292
10,21601,21611,1.0019543230391097
2,21611,21613,0.2003815721341553
4,21613,21617,0.40075942851759844
30,21617,21647,3.0056399869068824
2,21647,21649,0.20034816191636026
12,21649,21661,1.2020778464941335
12,21661,21673,1.2020111223667538
10,21673,21683,1.001620368828751
18,21683,21701,1.802833364941113
12,21701,21713,1.2017890286458432
14,21713,21727,1.4020095790533684
10,21727,21737,1.001370775880793
2,21737,21739,0.20026492733476314
12,21739,21751,1.2015784942675718
6,21751,21757,0.6007560507406293
10,21757,21767,1.001232434643696
6,21767,21773,0.6007118230612059
14,21773,21787,1.4016222447269873
12,21787,21799,1.2013131866031765
4,21799,21803,0.40041565643068855
14,21803,21817,1.401429057672648
4,21817,21821,0.40038257510395936
18,21821,21839,1.801688526659148
2,21839,21841,0.20017109341438355
10,21841,21851,1.0008462939722318
8,21851,21859,0.8006403548726506
4,21859,21863,0.4003055125655307
8,21863,21871,0.8005963650908446
10,21871,21881,1.0007088183312969
12,21881,21893,1.2007956520826277
18,21893,21911,1.801094663910226
18,21911,21929,1.8009465644019755
8,21929,21937,0.8003549381475609
6,21937,21943,0.6002443001549167
18,21943,21961,1.8006836365588266
16,21961,21977,1.6004763926931613
14,21977,21991,1.4003148284522378
6,21991,21997,0.6000967021191373
6,21997,22003,0.6000803291888479
10,22003,22013,1.0001066026949093
14,22013,22027,1.400085619868072
4,22027,22031,0.39999902989898645
6,22031,22037,0.5999876503694404
2,22037,22039,0.19999043770021463
12,22039,22051,1.1999317370610085
12,22051,22063,1.1998664271112842
4,22063,22067,0.39993371993210375
6,22067,22073,0.5998897067450795
6,22073,22079,0.599873401449153
12,22079,22091,1.199714202941606
2,22091,22093,0.19994150581800796
16,22093,22109,1.5995175702652387
2,22109,22111,0.19992522707690102
12,22111,22123,1.1995405158575987
6,22123,22129,0.5997377304737087
4,22129,22133,0.399814316456143
14,22133,22147,1.3993248276678485
6,22147,22153,0.5996727390297933
4,22153,22157,0.39977100291495166
2,22157,22159,0.19988189473277537
12,22159,22171,1.1992805499803327
18,22171,22189,1.7988234961148963
4,22189,22193,0.39970613806315725
36,22193,22229,3.5972904478734353
18,22229,22247,1.7983539627171317
12,22247,22259,1.1988056961736864
12,22259,22271,1.1987411180172425
2,22271,22273,0.19977943026958256
4,22273,22277,0.3995552765356827
2,22277,22279,0.19977405484346683
4,22279,22283,0.3995445268415135
8,22283,22291,0.7990747246163954
12,22291,22303,1.1985691136085492
4,22303,22307,0.3995015627721699
36,22307,22343,3.5954496673810543
6,22343,22349,0.5991451186620054
18,22349,22367,1.7973871641059396
2,22367,22369,0.19969363128276
12,22369,22381,1.1981510910253175
10,22381,22391,0.9984057792360765
6,22391,22397,0.5990167516568671
12,22397,22409,1.1980014579914988
24,22409,22433,2.395874796464721
8,22433,22441,0.7985396013896587
6,22441,22447,0.5988833866015487
6,22447,22453,0.5988674067520202
16,22453,22469,1.596937152068489
12,22469,22481,1.1976177155582086
2,22481,22483,0.19959231698456364
18,22483,22501,1.796314905407366
10,22501,22511,0.9978730304773361
20,22511,22531,1.9956575773099896
10,22531,22541,0.9977403756950106
2,22541,22543,0.19953924090220543
6,22543,22549,0.5986124238569699
18,22549,22567,1.795789592072693
4,22567,22571,0.39903258774171146
2,22571,22573,0.19951276637315263
40,22573,22613,3.9902200581097493
6,22613,22619,0.5984273185773201
2,22619,22621,0.19947049479958961
16,22621,22637,1.5957498865567676
2,22637,22639,0.1994546706916014
4,22639,22643,0.39890582677809766
8,22643,22651,0.7977975973700283
18,22651,22669,1.7949813613439098
10,22669,22679,0.9971328808717976
12,22679,22691,1.19650683834941
6,22691,22697,0.5982218663172844
2,22697,22699,0.19940203246429805
10,22699,22709,0.9970014036596527
8,22709,22717,0.7975660993841417
4,22717,22721,0.3987690469325672
6,22721,22727,0.5981430716558063
12,22727,22739,1.1962546553940707
2,22739,22741,0.19936528490988872
10,22741,22751,0.9968176852863847
18,22751,22769,1.7941932050293234
8,22769,22777,0.7973563458463151
6,22777,22783,0.5979963216002229
4,22783,22787,0.3986537493660357
20,22787,22807,1.9932338725638323
4,22807,22811,0.3986119222586798
6,22811,22817,0.5979074343094833
36,22817,22853,3.5873505888673796
6,22853,22859,0.5977978514799971
2,22859,22861,0.1992607388359013
10,22861,22871,0.9962950099065451
6,22871,22877,0.5977509613226805
24,22877,22901,2.3909413644169244
6,22901,22907,0.5976729093242399
14,22907,22921,1.3945337318230366
16,22921,22937,1.593655847327326
6,22937,22943,0.5975794086225156
18,22943,22961,1.7926915268462493
2,22961,22963,0.1991723908451133
10,22963,22973,0.9958533161937728
20,22973,22993,1.9916202791268833
10,22993,23003,0.9957238538764149
8,23003,23011,0.7965445958210541
6,23011,23017,0.5973877642039929
4,23017,23021,0.3982481719101748
6,23021,23027,0.5973619229986563
2,23027,23029,0.1991154749118321
10,23029,23039,0.9955687662063807
2,23039,23041,0.19910514757707398
12,23041,23053,1.1946205618902468
4,23053,23057,0.39818621433787404
2,23057,23059,0.1990896686626834
4,23059,23063,0.3981758993555549
8,23063,23071,0.7963380489769424
10,23071,23081,0.9953881976063514
6,23081,23087,0.5972071579048662
12,23087,23099,1.194383415864781
18,23099,23117,1.7914824672780154
14,23117,23131,1.3932672371830725
12,23131,23143,1.1941571100867976
16,23143,23159,1.5921273065329025
8,23159,23167,0.796008910595584
6,23167,23173,0.5969861671968579
16,23173,23189,1.5919220958881046
8,23189,23197,0.7959063902062874
4,23197,23201,0.39793953914551594
2,23201,23203,0.19896635664200818
6,23203,23209,0.596893951323539
18,23209,23227,1.7906357960682793
24,23227,23251,2.387330277294286
18,23251,23269,1.7903137899580417
10,23269,23279,0.9945422226398087
12,23279,23291,1.1933996709325085
2,23291,23293,0.19888975168453701
4,23293,23297,0.3977761067697631
14,23297,23311,1.3921926011698469
10,23311,23321,0.9943638827530286
6,23321,23327,0.5965928865900473
6,23327,23333,0.5965776270303428
6,23333,23339,0.5965623721753779
18,23339,23357,1.789641366067419
12,23357,23369,1.193002799498708
2,23369,23371,0.1988236472317375
28,23371,23399,2.7835073801536216
18,23399,23417,1.7891846355562988
14,23417,23431,1.3914816923161495
16,23431,23447,1.5901703285747688
12,23447,23459,1.1925468405615884
14,23459,23473,1.3912339053428102
24,23473,23497,2.3848310191535305
12,23497,23509,1.192294435657175
22,23509,23531,2.1857622495029725
6,23531,23537,0.5960615838972316
2,23537,23539,0.19868216247446466
10,23539,23549,0.9934024271508708
8,23549,23557,0.7946884110798428
4,23557,23561,0.39733079942669985
2,23561,23563,0.19866204920819194
4,23563,23567,0.39732074842257514
14,23567,23581,1.3905991731006748
12,23581,23593,1.1918718414217297
6,23593,23599,0.5959058090659213
4,23599,23603,0.3972605067512018
6,23603,23609,0.5958807300483591
14,23609,23623,1.3903532737505464
4,23623,23627,0.3972204067993953
2,23627,23629,0.19860686411082806
4,23629,23633,0.39721038944097703
30,23633,23663,2.9790278467176163
6,23663,23669,0.5957305229102139
2,23669,23671,0.19857184243596485
6,23671,23677,0.5957105297862414
10,23677,23687,0.9928259004288602
2,23687,23689,0.19855685594118058
30,23689,23719,2.9783278742655033
22,23719,23741,2.1838327165223212
2,23741,23743,0.19851197822569722
4,23743,23747,0.39702063687629247
6,23747,23753,0.5955209980970668
8,23753,23761,0.7940080880525827
6,23761,23767,0.5954861636597284
6,23767,23773,0.595471242144519
16,23773,23789,1.5878835337154125
12,23789,23801,1.1908331370448517
12,23801,23813,1.1907735441629372
6,23813,23819,0.5953569936393143
8,23819,23827,0.7937894815486813
4,23827,23831,0.39688151656344234
2,23831,23833,0.19843745322663853
24,23833,23857,2.3812296113807943
12,23857,23869,1.1904959193672793
4,23869,23873,0.39681217664725527
6,23873,23879,0.5952083707088205
8,23879,23887,0.7935913773869927
6,23887,23893,0.5951737564307077
6,23893,23899,0.5951589291817577
10,23899,23909,0.9919068439903714
2,23909,23911,0.19837313721861727
6,23911,23917,0.5951144741934796
12,23917,23929,1.190199329550633
28,23929,23957,2.776993610024832
14,23957,23971,1.388335780912197
6,23971,23977,0.5949665800333516
4,23977,23981,0.3966345433461544
12,23981,23993,1.1898839482720194
8,23993,24001,0.7932166177120947
6,24001,24007,0.594892799206959
12,24007,24019,1.1897561126053908
4,24019,24023,0.39656572249040994
6,24023,24029,0.594838763467327
14,24029,24043,1.3879227523889073
6,24043,24049,0.5947896914989179
12,24049,24061,1.189549958891675
10,24061,24071,0.9912426142166115
6,24071,24077,0.5947210728564245
6,24077,24083,0.5947063813045862
8,24083,24091,0.7929222588520041
6,24091,24097,0.5946721180704403
6,24097,24103,0.5946574411300455
4,24103,24107,0.39642851237856513
2,24107,24109,0.19821099643028514
4,24109,24113,0.3964187335876222
8,24113,24121,0.7928244320270539
12,24121,24133,1.1891975542526236
4,24133,24137,0.396379647563609
14,24137,24151,1.3873059821404365
18,24151,24169,1.7835766361884886
10,24169,24179,0.9908027644264092
2,24179,24181,0.19815243135059335
16,24181,24197,1.585206460212751
6,24197,24203,0.5944134681747154
20,24203,24223,1.9813295607621983
6,24223,24229,0.5943502330428863
10,24229,24239,0.9905594197805364
8,24239,24247,0.7924151460291657
4,24247,24251,0.3961946228589594
30,24251,24281,2.9714111227551654
36,24281,24317,3.5652567757662523
12,24317,24329,1.188244580721997
8,24329,24337,0.7921243563886552
22,24337,24359,2.1782710697172347
12,24359,24371,1.1880415691732655
2,24371,24373,0.19799727381439797
6,24373,24379,0.5939869959136543
12,24379,24391,1.1879450443415949
16,24391,24407,1.5838495666220258
6,24407,24413,0.593905034416942
6,24413,24419,0.5938905848221041
2,24419,24421,0.19795871316031738
18,24421,24439,1.7816139759362957
4,24439,24443,0.39588534602343267
26,24443,24469,2.573213069296799
4,24469,24473,0.39583728449975647
8,24473,24481,0.7916617632603395
18,24481,24499,1.7811813584299565
10,24499,24509,0.9894732337803459
8,24509,24517,0.7915466243157834
10,24517,24527,0.9894013317433531
6,24527,24533,0.5936168480914328
14,24533,24547,1.3850724606430524
4,24547,24551,0.3957126541702155
20,24551,24571,1.9785313783135077
22,24571,24593,2.176209209828123
18,24593,24611,1.780377193790736
12,24611,24623,1.1868322414956745
8,24623,24631,0.7911833498803881
28,24631,24659,2.7690527641533236
12,24659,24671,1.1866035749925334
6,24671,24677,0.5932732458312217
6,24677,24683,0.5932589812335418
8,24683,24691,0.7909929610525879
6,24691,24697,0.5932257133212326
12,24697,24709,1.1864229251202527
24,24709,24733,2.3727318938963595
16,24733,24749,1.581669453291631
14,24749,24763,1.3838723019392383
4,24763,24767,0.3953699848955271
14,24767,24781,1.3837728553817052
12,24781,24793,1.1860247724737383
6,24793,24799,0.5929840127450173
10,24799,24809,0.9882830536103415
12,24809,24821,1.1858924139940763
20,24821,24841,1.9763929061470151
6,24841,24847,0.5928706830286906
4,24847,24851,0.39523769017077454
8,24851,24859,0.7904628075742383
18,24859,24877,1.7784847559450516
12,24877,24889,1.1855717154272964
18,24889,24907,1.7782728458158965
10,24907,24917,0.9878588036190259
2,24917,24919,0.1975639265367978
4,24919,24923,0.395124720302456
20,24923,24943,1.9755922783170599
10,24943,24953,0.9877178762974944
14,24953,24967,1.3827502822601938
4,24967,24971,0.3950496240011159
6,24971,24977,0.5925650606720686
2,24977,24979,0.19751700034973257
10,24979,24989,0.9875771923449974
24,24989,25013,2.3700915757324124
18,25013,25031,1.7774001844781047
2,25031,25033,0.19747488205423125
4,25033,25037,0.3949466484148362
20,25037,25057,1.97470208960869
16,25057,25073,1.5796371333025667
14,25073,25087,1.3820953897337604
10,25087,25097,0.9871565929615688
14,25097,25111,1.3819648615927762
6,25111,25117,0.5922380525065946
4,25117,25121,0.394816057790056
6,25121,25127,0.5922147783565419
20,25127,25147,1.974002730636206
6,25147,25153,0.5921543174483601
10,25153,25163,0.9869006259340404
6,25163,25169,0.5921171479274006
2,25169,25171,0.19736773888409467
12,25171,25183,1.1841971475551232
6,25183,25189,0.5920707258021111
30,25189,25219,2.9602840388601637
10,25219,25229,0.9866454618573612
8,25229,25237,0.7892854963110062
6,25237,25243,0.591945606238901
4,25243,25247,0.3946211492362674
6,25247,25253,0.5919224711260864
8,25253,25261,0.7892114604321377
40,25261,25301,3.945934002625391
2,25301,25303,0.19726591027227308
4,25303,25307,0.3945287446188495
2,25307,25309,0.1972612968203136
12,25309,25321,1.183558555763999
18,25321,25339,1.7752548347090982
4,25339,25343,0.3944734276806633
6,25343,25349,0.5917009307441985
8,25349,25357,0.788916157122622
10,25357,25367,0.986114511211106
6,25367,25373,0.5916457026094648
18,25373,25391,1.7748957160496053
18,25391,25409,1.7747716109884863
2,25409,25411,0.1971830679124053
12,25411,25423,1.1830892266336825
16,25423,25439,1.5773788796660069
8,25439,25447,0.7886405237484276
6,25447,25453,0.5914620596370751
4,25453,25457,0.39429887618922865
6,25457,25463,0.5914391528698266
6,25463,25469,0.5914254139795104
2,25469,25471,0.19713722632141586
52,25471,25523,5.12552821288387
14,25523,25537,1.3796725550333704
4,25537,25541,0.3941708571032048
20,25541,25561,1.9708238676713663
16,25561,25577,1.5765374911519072
2,25577,25579,0.1970550363426469
4,25579,25583,0.39410703645195144
6,25583,25589,0.5911514472565813
12,25589,25601,1.1822755786403192
2,25601,25603,0.19703682831472366
6,25603,25609,0.5911059357043137
12,25609,25621,1.1821845810733085
12,25621,25633,1.1821300233566585
6,25633,25639,0.5910377481094471
4,25639,25643,0.39401608136906463
14,25643,25657,1.379035093652349
10,25657,25667,0.9849721112944779
6,25667,25673,0.5909605842226496
6,25673,25679,0.5909469797670985
14,25679,25693,1.3788445512725191
10,25693,25703,0.9848360984220246
14,25703,25717,1.3787177005669966
16,25717,25733,1.5755928797449505
8,25733,25741,0.7877481922346627
6,25741,25747,0.5907930614091689
12,25747,25759,1.1815590074956825
4,25759,25763,0.39383493317765916
8,25763,25771,0.7876578246190756
22,25771,25793,2.1659928066109106
6,25793,25799,0.5906756871499146
2,25799,25801,0.1968873873977761
18,25801,25819,1.7719729641331778
22,25819,25841,2.1655960559933214
6,25841,25847,0.590567592787544
2,25847,25849,0.1968513659635727
18,25849,25867,1.7716488012748042
6,25867,25873,0.590509141965048
16,25873,25889,1.5746551021308346
14,25889,25903,1.3777393897661805
10,25903,25913,0.9840472100626411
6,25913,25919,0.5904059010226503
12,25919,25931,1.1807849019690129
2,25931,25933,0.19678852069454875
6,25933,25939,0.590361082048012
4,25939,25943,0.3935650962811418
8,25943,25951,0.7871182507608588
18,25951,25969,1.7709623409764508
12,25969,25981,1.180561024087075
16,25981,25997,1.5740098268667122
2,25997,25999,0.19673931294713848
4,25999,26003,0.3934756482756624
14,26003,26017,1.3771439285124853
4,26017,26021,0.3934488620373877
8,26021,26029,0.7868858251035217
12,26029,26041,1.1802930505898341
12,26041,26053,1.1802395445957041
30,26053,26083,2.950465170249176
16,26083,26099,1.5734033409554884
8,26099,26107,0.7866542317274026
4,26107,26111,0.39331526270053124
2,26111,26113,0.19665466887437985
6,26113,26119,0.5899595635202494
22,26119,26141,2.1631362010665143
12,26141,26153,1.17979480560887
8,26153,26161,0.7864943825104219
10,26161,26171,0.9830884184207577
6,26171,26177,0.5898308903888367
6,26177,26183,0.5898175988536866
6,26183,26189,0.5898043109635409
14,26189,26203,1.3761790623386219
6,26203,26209,0.5897600442977065
18,26209,26227,1.7692403165437331
10,26227,26237,0.9828449627258058
12,26237,26249,1.1793697673459491
2,26249,26251,0.19655279473823306
10,26251,26261,0.982756615079381
2,26261,26263,0.19654396641603294
4,26263,26267,0.39308499099658856
26,26267,26293,2.5550142028432603
4,26293,26297,0.3930408956049043
12,26297,26309,1.179105062303947
8,26309,26317,0.7860348053410743
4,26317,26321,0.39300566261307923
18,26321,26339,1.7684990738348594
8,26339,26347,0.785946798920228
10,26347,26357,0.9824041884945273
14,26357,26371,1.3753145920787386
16,26371,26387,1.571706115003546
6,26387,26393,0.589354678361544
6,26393,26399,0.5893415168919862
8,26399,26407,0.7857711453356736
10,26407,26417,0.9821847011880753
6,26417,26423,0.5892889067890325
8,26423,26431,0.7857010175974994
6,26431,26437,0.5892582439638019
12,26437,26449,1.178490217401803
10,26449,26459,0.9820314147863151
20,26459,26479,1.9639899218904426
10,26479,26489,0.9819221026881844
8,26489,26497,0.7855085585957711
4,26497,26501,0.39274263461049047
12,26501,26513,1.1782104415319956
26,26513,26539,2.5526758260193616
18,26539,26557,1.7670670601918406
4,26557,26561,0.3926554333089201
12,26561,26573,1.1779488848120852
18,26573,26591,1.7668449874312504
6,26591,26597,0.5889091856901896
30,26597,26627,2.944480724579656
6,26627,26633,0.5888309937925705
8,26633,26641,0.7850906321402844
6,26641,26647,0.5888006199792075
22,26647,26669,2.158887897742731
12,26669,26681,1.1774798591907292
2,26681,26683,0.19623798092014036
4,26683,26687,0.39247307532038334
6,26687,26693,0.588700954585427
6,26693,26699,0.5886879699031006
2,26699,26701,0.19622499623723502
10,26701,26711,0.9811177707056149
2,26711,26713,0.1962163455982555
4,26713,26717,0.3924298085541415
6,26717,26723,0.5886360660657567
6,26723,26729,0.5886230988207438
2,26729,26731,0.19620337835266596
6,26731,26737,0.5886058145772873
22,26737,26759,2.158173803334539
18,26759,26777,1.7656361052533844
6,26777,26783,0.5885065501104052
18,26783,26801,1.7654808528312032
12,26801,26813,1.1769096817874314
8,26813,26821,0.7845720094020631
12,26821,26833,1.1768235843439445
6,26833,26839,0.5883859813652808
10,26839,26849,0.9806218018982261
12,26849,26861,1.1767031768508514
2,26861,26863,0.19610860326821655
16,26863,26879,1.568857372552247
2,26879,26881,0.19609572256344274
10,26881,26891,0.9804714600545834
2,26891,26893,0.19608714115739423
10,26893,26903,0.9804285568418235
18,26903,26921,1.76470707897397
6,26921,26927,0.5881971229978081
20,26927,26947,1.9606142439575935
4,26947,26951,0.3920943101374464
2,26951,26953,0.19604430272333842
6,26953,26959,0.5881286302215412
22,26959,26981,2.156424595063869
6,26981,26987,0.5880687787780515
6,26987,26993,0.5880559631334652
18,26993,27011,1.7641294526886997
6,27011,27017,0.5880047346119187
14,27017,27031,1.3719811839705183
12,27031,27043,1.1759241714909694
16,27043,27059,1.5678307054313791
2,27059,27061,0.19596748023127794
6,27061,27067,0.5878981831577792
6,27067,27073,0.5878854128072208
4,27073,27077,0.3919150972278531
14,27077,27091,1.371682984959669
12,27091,27103,1.1756687304791436
4,27103,27107,0.3918725744888645
2,27107,27109,0.19593345452178365
18,27109,27127,1.7633883451312642
16,27127,27143,1.5673543872258344
36,27143,27179,3.5263436848602847
12,27179,27191,1.1752953049978534
6,27191,27197,0.5876222476918626
14,27197,27211,1.3710889507367396
28,27211,27239,2.7420397019285314
2,27239,27241,0.1958402541251815
12,27241,27253,1.1750330769252266
6,27253,27259,0.5874912027703604
12,27259,27271,1.1749570798527682
6,27271,27277,0.5874532242346167
4,27277,27281,0.3916270475890552
2,27281,27283,0.1958107126661349
16,27283,27299,1.566474458294104
30,27299,27329,2.9369710302740932
8,27329,27337,0.7831080700847598
24,27337,27361,2.3492569025291044
6,27361,27367,0.5872637801469696
30,27367,27397,2.936255885213084
10,27397,27407,0.9786470184043086
2,27407,27409,0.19572241356486303
18,27409,27427,1.7614891431686064
4,27427,27431,0.3914168849548599
6,27431,27437,0.5871169491652092
12,27437,27449,1.1742087690064815
8,27449,27457,0.7827723533768343
22,27457,27479,2.152562595379326
2,27479,27481,0.1956721745865866
6,27481,27487,0.587012343920535
22,27487,27509,2.1523326241444836
18,27509,27527,1.7608615930015274
2,27527,27529,0.19563876929424337
10,27529,27539,0.9781868945938456
2,27539,27541,0.19563042885253132
10,27541,27551,0.9781451960068739
30,27551,27581,2.934331391324715
2,27581,27583,0.1956012714893725
28,27583,27611,2.7383983811497634
6,27611,27617,0.5867414318503061
14,27617,27631,1.3690342517858036
16,27631,27647,1.5645330358442378
6,27647,27653,0.586666679590803
20,27653,27673,1.9555141073169235
16,27673,27689,1.5643007044911064
2,27689,27691,0.19552653852161475
6,27691,27697,0.5865754735976364
4,27697,27701,0.391042033227723
32,27701,27733,3.1282921019997607
4,27733,27737,0.3909923832078049
2,27737,27739,0.19549343564773017
4,27739,27743,0.39098411569562996
6,27743,27749,0.5864679078126956
2,27749,27751,0.19548517062919138
12,27751,27763,1.1729027612491478
4,27763,27767,0.39095106701268306
6,27767,27773,0.5864183433291296
6,27773,27779,0.5864059602101866
12,27779,27791,1.1727871605779303
2,27791,27793,0.19545627667785953
6,27793,27799,0.5863647062331215
4,27799,27803,0.3909015579732983
6,27803,27809,0.5863440925507649
8,27809,27817,0.7817756381270181
6,27817,27823,0.586315248281003
4,27823,27827,0.3908685945087616
20,27827,27847,1.9543155195137392
4,27847,27851,0.39083566501786154
32,27851,27883,3.1266414405425915
10,27883,27893,0.9769658358514048
8,27893,27901,0.7815452897706442
16,27901,27917,1.563046790178098
2,27917,27919,0.19536990705760074
22,27919,27941,2.1490539385739185
2,27941,27943,0.19535350853313335
4,27943,27947,0.3907042854989844
6,27947,27953,0.5860482345981937
8,27953,27961,0.7813812623344634
6,27961,27967,0.5860195678578043
16,27967,27983,1.5626860996363914
14,27983,27997,1.3672739611292348
4,27997,28001,0.39063062139742377
18,28001,28019,1.7578132719949708
8,28019,28027,0.781201317543316
4,28027,28031,0.3905897702427637
20,28031,28051,1.9529216368567337
6,28051,28057,0.5858356903992715
12,28057,28069,1.1716469139638186
12,28069,28081,1.1715979990509116
6,28081,28087,0.5857745545635156
10,28087,28097,0.9762705612738314
2,28097,28099,0.1952473268988133
10,28099,28109,0.9762298508700041
2,28109,28111,0.19523918828083012
12,28111,28123,1.171426993489483
28,28123,28151,2.733215778630181
12,28151,28163,1.171264414723105
18,28163,28181,1.7568235423911784
2,28181,28183,0.19519044362266644
18,28183,28201,1.7567018255679896
10,28201,28211,0.9758846492560365
8,28211,28219,0.7806807090407967
10,28219,28229,0.975823886234063
48,28229,28277,4.683792715259332
2,28277,28279,0.19512568178750936
4,28279,28283,0.3902486707559375
6,28283,28289,0.5853649287007986
8,28289,28297,0.78047042014757
10,28297,28307,0.9755611140545845
2,28307,28309,0.19510549758518858
10,28309,28319,0.9755207644038213
30,28319,28349,2.9264614659191026
2,28349,28351,0.19507728261051582
36,28351,28387,3.511366925157952
6,28387,28393,0.5851553933659128
10,28393,28403,0.9752388879816789
6,28403,28409,0.58512323859426
2,28409,28411,0.19503706204505042
18,28411,28429,1.7553215079742674
4,28429,28433,0.39004735548690844
6,28433,28439,0.5850630067002043
8,28439,28447,0.7800679592463305
16,28447,28463,1.5600931319134088
14,28463,28477,1.3650066516416512
16,28477,28493,1.5599328102110883
6,28493,28499,0.5849427704275898
14,28499,28513,1.3648384480345122
4,28513,28517,0.38993517259352994
20,28517,28537,1.9496492020243101
4,28537,28541,0.38990319286113273
6,28541,28547,0.5848467990455567
2,28547,28549,0.19494493872833635
10,28549,28559,0.9747180376115501
12,28559,28571,1.169621718979965
2,28571,28573,0.19492897160680014
6,28573,28579,0.5847829252104931
12,28579,28591,1.1695419167652699
6,28591,28597,0.5847470337306603
6,28597,28603,0.5847350759037593
4,28603,28607,0.3898154140495962
12,28607,28619,1.1694303057055246
2,28619,28621,0.19489708539115805
6,28621,28627,0.5846872745576208
4,28627,28631,0.3897835544696733
12,28631,28643,1.169334742927927
6,28643,28649,0.584643498713142
8,28649,28657,0.7795087557583715
4,28657,28661,0.3897437748467993
2,28661,28663,0.19486923732841094
6,28663,28669,0.5846037373399018
18,28669,28687,1.7537754461757076
10,28687,28697,0.9742601123798357
6,28697,28703,0.5845362190266674
8,28703,28711,0.7793657519364323
12,28711,28723,1.1690168902889582
6,28723,28729,0.584484651835984
22,28729,28751,2.1430667853292014
2,28751,28753,0.19480972675818745
6,28753,28759,0.5844252204902843
12,28759,28771,1.1688266862234298
18,28771,28789,1.7531687917026428
4,28789,28793,0.38956933373106645
14,28793,28807,1.363474218968951
6,28807,28813,0.5843184305406627
4,28813,28817,0.38953771983736246
20,28817,28837,1.947662269569574
6,28837,28843,0.5842592060848388
16,28843,28859,1.5579929867388764
8,28859,28867,0.7789544287765948
4,28867,28871,0.3894667034637412
8,28871,28879,0.7789228986128868
22,28879,28901,2.14198018980262
8,28901,28909,0.778844141655678
12,28909,28921,1.1682347344421813
6,28921,28927,0.5840937684440455
6,28927,28933,0.584081973441896
16,28933,28949,1.557520483632554
12,28949,28961,1.1680775001875525
18,28961,28979,1.752045570777277
30,28979,29009,2.9198993618267495
8,29009,29017,0.7785614232120097
4,29017,29021,0.38927026557098965
2,29021,29023,0.19463252192179803
4,29023,29027,0.3892624333023131
6,29027,29033,0.583885819296617
26,29033,29059,2.5301209948217314
4,29059,29063,0.3892154802752482
14,29063,29077,1.3622359364667895
24,29077,29101,2.3351521788743335
22,29101,29123,2.1403843421989537
6,29123,29129,0.5836982693317191
2,29129,29131,0.19456219066255287
6,29131,29137,0.5836826735125589
10,29137,29147,0.9727849666755696
6,29147,29153,0.5836514972173436
14,29153,29167,1.3618262265459384
6,29167,29173,0.5836125555846633
6,29173,29179,0.5836008793144604
12,29179,29191,1.1671784118250457
10,29191,29201,0.9726097795137181
6,29201,29207,0.5835464279572999
2,29207,29209,0.1945115893077932
12,29209,29221,1.1670617637624474
10,29221,29231,0.972512620501676
12,29231,29243,1.1669763127672386
8,29243,29251,0.7779531570041759
18,29251,29269,1.7503480450210818
18,29269,29287,1.750243344572924
10,29287,29297,0.972299289448677
6,29297,29303,0.5833602099957397
8,29303,29311,0.777798127440945
16,29311,29327,1.555554970965042
6,29327,29333,0.5833021663098887
6,29333,29339,0.5832905660830913
8,29339,29347,0.7777052915867898
16,29347,29363,1.5553693597475855
20,29363,29383,1.944108691434932
4,29383,29387,0.38879600507206596
2,29387,29389,0.1943954304697785
10,29389,29399,0.9719707229672684
2,29399,29401,0.19438771677922506
10,29401,29411,0.9719321576487423
12,29411,29423,1.166280041090084
6,29423,29429,0.5831169020212674
8,29429,29437,0.7774737959760372
6,29437,29443,0.5830899446392342
10,29443,29453,0.9717973269377345
20,29453,29473,1.9435305164882473
10,29473,29483,0.9717011598519165
18,29483,29501,1.7490044342408915
26,29501,29527,2.526189924245269
4,29527,29531,0.3886113413420752
6,29531,29537,0.5829093407346703
30,29537,29567,2.9144891807176814
2,29567,29569,0.1942801183412189
4,29569,29573,0.3885576836172056
8,29573,29581,0.7771051562107771
6,29581,29587,0.5828135543332209
12,29587,29599,1.1656041459197692
12,29599,29611,1.1655582371057898
18,29611,29629,1.7482685257715442
4,29629,29633,0.38848118741699617
8,29633,29641,0.7769521884984244
22,29641,29663,2.136562507069732
6,29663,29669,0.5826568824636136
2,29669,29671,0.19421514632676404
12,29671,29683,1.165283250199983
34,29683,29717,3.3015062401595863
6,29717,29723,0.5825539904909015
18,29723,29741,1.747627715500194
12,29741,29753,1.1650166647392262
6,29753,29759,0.5824855198054303
2,29759,29761,0.19415803921438865
28,29761,29789,2.718194815151451
14,29789,29803,1.358973345289468
16,29803,29819,1.5530415615474953
14,29819,29833,1.3588405758424869
4,29833,29837,0.38822247752633754
14,29837,29851,1.3587609907134242
12,29851,29863,1.1645992549669866
4,29863,29867,0.38818461016408995
6,29867,29873,0.5822693469220169
6,29873,29879,0.5822579967049222
2,29879,29881,0.19408221640321727
36,29881,29917,3.493457203895217
4,29917,29921,0.3881165632457215
6,29921,29927,0.5821672928524965
20,29927,29947,1.9405198902947012
12,29947,29959,1.1642364682280737
24,29959,29983,2.328382435078017
6,29983,29989,0.5820503905259338
22,29989,30011,2.1341433399643313
2,30011,30013,0.1939992301663959
16,30013,30029,1.5519838092218665
18,30029,30047,1.7458915287059564
12,30047,30059,1.1638600390417506
12,30059,30071,1.1638149680753853
18,30071,30089,1.7456548778804841
2,30089,30091,0.19395039743069575
6,30091,30097,0.5818474418918667
6,30097,30103,0.5818361924766571
6,30103,30109,0.581824945738709
4,30109,30113,0.38787580111789555
6,30113,30119,0.58180620712173
14,30119,30133,1.3575215908738953
4,30133,30137,0.38784583477776735
2,30137,30139,0.19392042157909775
22,30139,30161,2.133110912047642
8,30161,30169,0.7756218200846966
12,30169,30181,1.1634028159677576
6,30181,30187,0.5816789812407576
10,30187,30197,0.9694462864350295
6,30197,30203,0.5816490954712201
8,30203,30211,0.7755171909084005
12,30211,30223,1.1632459218538802
18,30223,30241,1.744801714183503
12,30241,30253,1.1631340139757786
6,30253,30259,0.5815446439646172
10,30259,30269,0.9692224440397313
2,30269,30271,0.1938382810226505
22,30271,30293,2.1322074373533977
14,30293,30307,1.3567637462545827
6,30307,30313,0.5814441412452811
6,30313,30319,0.581432987474077
4,30319,30323,0.38761455755877494
18,30323,30341,1.7442432111330999
6,30341,30347,0.5813809713675627
20,30347,30367,1.9378994417148114
22,30367,30389,2.1315533139382583
2,30389,30391,0.1937639780279792
12,30391,30403,1.1625764556822256
24,30403,30427,2.3250639859875006
4,30427,30431,0.3874810434775204
18,30431,30449,1.743642492210894
18,30449,30467,1.7435426198361401
2,30467,30469,0.19371586865710305
22,30469,30491,2.130861007191139
2,30491,30493,0.19370109534647592
4,30493,30497,0.3873997297277147
12,30497,30509,1.1621844251256646
8,30509,30517,0.7747600978791656
12,30517,30529,1.1621106394953793
10,30529,30539,0.9683886631823458
14,30539,30553,1.3557011322668095
4,30553,30557,0.3873259902367153
2,30557,30559,0.19366054020883014
18,30559,30577,1.74293381608117
16,30577,30593,1.549186171298828
38,30593,30631,3.6791308021284537
6,30631,30637,0.5808455803513616
6,30637,30643,0.5808345672550508
6,30643,30649,0.5808235567328477
12,30649,30661,1.1616250975672773
10,30661,30671,0.9679842343329224
6,30671,30677,0.5807722082986266
12,30677,30689,1.1615224246840459
8,30689,30697,0.7743189708370684
6,30697,30703,0.5807245776843817
4,30703,30707,0.3871423952280887
6,30707,30713,0.5807062710373126
14,30713,30727,1.3549556777499885
30,30727,30757,2.903348395405358
6,30757,30763,0.5806148444147956
10,30763,30773,0.9676731419030996
8,30773,30781,0.77411416714004
22,30781,30803,2.1287604162876113
6,30803,30809,0.5805308884582551
8,30809,30817,0.7740265982852842
12,30817,30829,1.1610107326859977
10,30829,30839,0.967472502092952
2,30839,30841,0.19348842936921218
10,30841,30851,0.9674360772063992
2,30851,30853,0.19348114721059484
6,30853,30859,0.5804398015384769
10,30859,30869,0.9673814715800577
2,30869,30871,0.1934702303088271
10,30871,30881,0.9673450889436427
12,30881,30893,1.1607777395651366
18,30893,30911,1.741101176268637
20,30911,30931,1.9344478705603787
6,30931,30937,0.5802980571553038
4,30937,30941,0.38685811427604905
8,30941,30949,0.7737065542038973
22,30949,30971,2.1276398274574326
6,30971,30977,0.5802255331019217
6,30977,30983,0.5802146641355672
30,30983,31013,2.901018988406588
6,31013,31019,0.5801495030540563
14,31019,31033,1.3536568538497522
6,31033,31039,0.5801133414450985
12,31039,31051,1.1602049967708665
12,31051,31063,1.1601616395362713
6,31063,31069,0.5800591511464338
10,31069,31079,0.9667472009687764
2,31079,31081,0.19334342506159927
10,31081,31091,0.9667111115616186
30,31091,31121,2.900043149265034
2,31121,31123,0.19331818670383338
16,31123,31139,1.5465358871300092
8,31139,31147,0.7732295308174308
4,31147,31151,0.3866051666374584
2,31151,31153,0.19330018417750425
6,31153,31159,0.5798969542342302
18,31159,31177,1.7396584829794013
4,31177,31181,0.3865691974296416
2,31181,31183,0.19328220232795995
6,31183,31189,0.5798430128162653
4,31189,31193,0.3865548213091067
26,31193,31219,2.5125751997813968
4,31219,31223,0.3865189098651466
8,31223,31231,0.7730282495680073
6,31231,31237,0.5797568352237219
10,31237,31247,0.9662434568967323
2,31247,31249,0.19324271482501615
4,31249,31253,0.38648303957604907
6,31253,31259,0.5797173899634377
8,31259,31267,0.7729421838869167
4,31267,31271,0.3864615371206288
6,31271,31277,0.5796851412045921
30,31277,31307,2.898371982700801
12,31307,31319,1.159241420169968
2,31319,31321,0.19319975089602892
6,31321,31327,0.579595677409015
6,31327,31333,0.5795849532060205
4,31333,31337,0.38638282096903453
20,31337,31357,1.9318902832648803
22,31357,31379,2.124948352736794
8,31379,31387,0.7726561502031629
4,31387,31391,0.3863185638561328
2,31391,31393,0.19315690465901963
4,31393,31397,0.3863114323200613
72,31397,31469,6.953520219590078
8,31469,31477,0.7724424800955982
4,31477,31481,0.3862117612446248
8,31481,31489,0.7724140458416606
22,31489,31511,2.124086516353001
2,31511,31513,0.1930857541864921
4,31513,31517,0.38616914217089976
14,31517,31531,1.3515754360646752
10,31531,31541,0.9653696360285885
2,31541,31543,0.19306801707117527
4,31543,31547,0.3861336706250676
20,31547,31567,1.930644720634178
6,31567,31573,0.5791579835337667
10,31573,31583,0.9652455982654112
18,31583,31601,1.7373889700606575
6,31601,31607,0.5790978094415729
20,31607,31627,1.930290661673874
16,31627,31643,1.544138256139379
6,31643,31649,0.5790235832899714
8,31649,31657,0.7720173188656884
6,31657,31663,0.5789988673549473
4,31663,31667,0.38599218586858264
20,31667,31687,1.9299374036597292
12,31687,31699,1.1578918970382872
22,31699,31721,2.1227242582993755
2,31721,31723,0.1929620153488502
4,31723,31727,0.3859216831715111
2,31727,31729,0.19295849432438408
12,31729,31741,1.157743924956496
10,31741,31751,0.9647514084444032
18,31751,31769,1.736499763493051
2,31769,31771,0.1929338693740965
22,31771,31793,2.122259674988809
6,31793,31799,0.5787594462124562
18,31799,31817,1.7362467350016337
30,31817,31847,2.8935866112648694
2,31847,31849,0.19288824019168196
10,31849,31859,0.9644353598305714
14,31859,31873,1.3501686250544924
10,31873,31883,0.964365300406989
8,31883,31891,0.771468902040706
16,31891,31907,1.5429004753975606
50,31907,31957,4.821330786027492
6,31957,31963,0.5784723522485588
10,31963,31973,0.9641031369241395
8,31973,31981,0.771259249608506
10,31981,31991,0.9640508098885416
12,31991,32003,1.1568261053886384
6,32003,32009,0.5783921413858794
18,32009,32027,1.7351450677159
2,32027,32029,0.19278344893772717
22,32029,32051,2.1206051739344756
6,32051,32057,0.5783085895811844
2,32057,32059,0.19276605203347782
4,32059,32063,0.3855297858607424
6,32063,32069,0.5782877249486553
8,32069,32077,0.7710363948331832
6,32077,32083,0.5782633946462175
6,32083,32089,0.5782529712507344
10,32089,32099,0.9637375836334302
18,32099,32117,1.734675560677684
2,32117,32119,0.19273131640927532
22,32119,32141,2.120031758772412
2,32141,32143,0.19271744382499176
16,32143,32159,1.5417303066722423
14,32159,32173,1.3489493324462984
10,32173,32183,0.9634948312647268
6,32183,32189,0.5780795895195717
2,32189,32191,0.19268973568493591
12,32191,32203,1.156131493492282
10,32203,32213,0.9634083171289172
20,32213,32233,1.9267590008853348
4,32233,32237,0.3853287596259158
14,32237,32251,1.3486345374661302
6,32251,32257,0.577962056555161
4,32257,32261,0.3853011334609861
36,32261,32297,3.4676687833518445
2,32297,32299,0.19262757214258797
4,32299,32303,0.3852528466097617
6,32303,32309,0.577872377651903
12,32309,32321,1.1557240823320583
2,32321,32323,0.19261379168682893
4,32323,32327,0.3852252877328142
14,32327,32341,1.3482724393575318
12,32341,32353,1.1556139037559285
6,32353,32359,0.5777863101522689
4,32359,32363,0.38518399514210516
6,32363,32369,0.5777691156878331
2,32369,32371,0.19258626735009277
6,32371,32377,0.577755364677737
4,32377,32381,0.3851633693863737
20,32381,32401,1.925793938711012
10,32401,32411,0.9628397241033204
2,32411,32413,0.19256222345549787
10,32413,32423,0.9628053971754256
6,32423,32429,0.5776660817864782
12,32429,32441,1.1553115818078106
2,32441,32443,0.1925450719829969
24,32443,32467,2.3105271506889813
12,32467,32479,1.1551813359988605
12,32479,32491,1.1551402435077158
6,32491,32497,0.5775495845589884
6,32497,32503,0.577539319353261
4,32503,32507,0.3850193709382952
24,32507,32531,2.310088862794457
2,32531,32533,0.19249373083808835
4,32533,32537,0.38498518369651513
24,32537,32561,2.3098837694288705
2,32561,32563,0.19247665475254977
6,32563,32569,0.5774265510419087
4,32569,32573,0.3849442085962821
6,32573,32579,0.5774094887122075
8,32579,32587,0.7698656724164912
16,32587,32603,1.5396949651777747
6,32603,32609,0.5773583391775671
2,32609,32611,0.19244937200181386
10,32611,32621,0.9622411812997436
12,32621,32633,1.1546553527773968
14,32633,32647,1.3470502400504227
6,32647,32653,0.5772834212940096
34,32653,32687,3.2712148824386595
6,32687,32693,0.5772154185321464
14,32693,32707,1.3468121955787604
6,32707,32713,0.5771814543514234
4,32713,32717,0.3847808466173676
2,32717,32719,0.1923881605154888
30,32719,32749,2.885805438638863
22,32749,32771,2.1160707704078767
8,32771,32779,0.7694305802209119
4,32779,32783,0.3847062586913466
6,32783,32789,0.577052615950957
8,32789,32797,0.7693899462252701
4,32797,32801,0.38468594760408115
2,32801,32803,0.19234071791706156
28,32803,32831,2.692754261366026
2,32831,32833,0.19232380922825928
6,32833,32839,0.5769680479122141
4,32839,32843,0.3846386067114435
26,32843,32869,2.500121661832908
18,32869,32887,1.7307217618445216
22,32887,32909,2.115215251342487
2,32909,32911,0.1922799327137604
6,32911,32917,0.5768364279173499
16,32917,32933,1.5382035165613432
6,32933,32939,0.5767993715627694
2,32939,32941,0.19226309013543194
16,32941,32957,1.538095743577667
12,32957,32969,1.1535179601886505
2,32969,32971,0.19224626583624702
12,32971,32983,1.1534708691919613
4,32983,32987,0.3844768414836505
6,32987,32993,0.5767085400463579
6,32993,32999,0.5766984585996461
14,32999,33013,1.3456062184565285
10,33013,33023,0.9611081159284603
6,33023,33029,0.5766480841322191
8,33029,33037,0.7688506877144358
12,33037,33049,1.153249189430863
4,33049,33053,0.3844029802486985
18,33053,33071,1.7297932925842214
2,33071,33073,0.19218919945372842
10,33073,33083,0.960940413017047
8,33083,33091,0.7687299982373382
16,33091,33107,1.5374242765796367
6,33107,33113,0.576507325374365
6,33113,33119,0.5764972874731207
30,33119,33149,2.882436258700034
2,33149,33151,0.19214570185535437
10,33151,33161,0.9607229406860092
18,33161,33179,1.72925118672927
2,33179,33181,0.19212900448851158
10,33181,33191,0.960639459853554
8,33191,33199,0.768489322322273
4,33199,33203,0.3842357658128999
8,33203,33211,0.7684626381939562
12,33211,33223,1.152667282742034
24,33223,33247,2.3052545705552427
40,33247,33287,3.8418244733020797
2,33287,33289,0.1920690426557692
12,33289,33301,1.1524076066367956
10,33301,33311,0.9603064340399105
6,33311,33317,0.5761672478880853
12,33317,33329,1.1523145664397283
2,33329,33331,0.19204578676645576
12,33331,33343,1.1522680812878945
4,33343,33347,0.3840760851310271
2,33347,33349,0.1920358306485806
4,33349,33353,0.3840694496174261
6,33353,33359,0.5760975400983703
18,33359,33377,1.728262771154513
14,33377,33391,1.344134759423874
12,33391,33403,1.1520691224984214
6,33403,33409,0.5760146909391027
4,33409,33413,0.38400317264977457
14,33413,33427,1.3439956573077314
30,33427,33457,2.8798748791683817
4,33457,33461,0.3839502531484408
8,33461,33469,0.7678916945508382
10,33469,33479,0.9598425935311697
8,33479,33487,0.7678520572257382
6,33487,33493,0.5758758365922739
10,33493,33503,0.9597765571910858
18,33503,33521,1.7275483056492653
8,33521,33529,0.7677596688355428
4,33529,33533,0.38387104334524297
14,33533,33547,1.3435332706126786
16,33547,33563,1.53540509027952
6,33563,33569,0.5757505637389492
8,33569,33577,0.7676542509060715
4,33577,33581,0.3838183493594828
6,33581,33587,0.5757209433708766
2,33587,33589,0.1919036913733121
10,33589,33599,0.959512974727647
2,33599,33601,0.19189711397356923
12,33601,33613,1.1513761080749778
4,33613,33617,0.38377888775686864
2,33617,33619,0.191887253122026
4,33619,33623,0.38377231572065656
6,33623,33629,0.5756519027096838
8,33629,33637,0.7675227308659828
4,33637,33641,0.383752607996811
6,33641,33647,0.5756223453143848
32,33647,33679,3.0699333175350927
24,33679,33703,2.3022400328914148
10,33703,33713,0.9592011343400063
8,33713,33721,0.76733907192811
18,33721,33739,1.7264736203629747
10,33739,33749,0.9591029195271404
2,33749,33751,0.19181513195976607
6,33751,33757,0.5754421254050094
10,33757,33767,0.9590538589463585
2,33767,33769,0.19180532330764058
4,33769,33773,0.38360846768415735
18,33773,33791,1.7262184962747487
6,33791,33797,0.5753767643818607
12,33797,33809,1.1507339363635702
2,33809,33811,0.1917824606660579
16,33811,33827,1.5342509825059611
2,33827,33829,0.19177267275064505
22,33829,33851,2.1094874414642346
6,33851,33857,0.5752788955440536
6,33857,33863,0.5752691200320054
8,33863,33871,0.7670124621124135
18,33871,33889,1.7257389555916096
4,33889,33893,0.3834780125417934
18,33893,33911,1.7256315308486632
12,33911,33923,1.150362466445351
8,33923,33931,0.7668823006258598
6,33931,33937,0.5751487248687118
4,33937,33941,0.3834259845434248
20,33941,33961,1.917108264179026
6,33961,33967,0.5751000051291033
30,33967,33997,2.8754513366782932
22,33997,34019,2.1084859000218135
12,34019,34031,1.150011917793867
2,34031,34033,0.19166217497041477
6,34033,34039,0.5749832867075733
18,34039,34057,1.7249207203710546
4,34057,34061,0.3832962972950656
62,34061,34123,5.941025748413099
4,34123,34127,0.3832252011974486
2,34127,34129,0.19161044880523334
12,34129,34141,1.1496562381271156
6,34141,34147,0.5748087596821866
10,34147,34157,0.9579984717197626
2,34157,34159,0.19159431992760817
12,34159,34171,1.1495594716159667
12,34171,34183,1.1495207933625082
28,34183,34211,2.682124973011845
2,34211,34213,0.1915653304414544
4,34213,34217,0.3831285156081305
14,34217,34231,1.3409347892739067
22,34231,34253,2.107100681713234
6,34253,34259,0.5746284621993903
2,34259,34261,0.19153960774531684
6,34261,34267,0.5746156106951243
6,34267,34273,0.5746059744132033
10,34273,34283,0.9576605669025245
14,34283,34297,1.340687337469919
4,34297,34301,0.3830385487610404
2,34301,34303,0.19151713558796757
10,34303,34313,0.9575803315156572
6,34313,34319,0.5745321629789121
8,34319,34327,0.7660300587909846
10,34327,34337,0.9575162033813133
14,34337,34351,1.3404852987265274
10,34351,34361,0.9574521286466178
6,34361,34367,0.5744552679487405
2,34367,34369,0.19148188835652843
12,34369,34381,1.1488849291075194
22,34381,34403,2.106218642431511
18,34403,34421,1.7231642691360451
8,34421,34429,0.7658124385940568
10,34429,34439,0.9572442535567484
18,34439,34457,1.7229917582790382
12,34457,34469,1.148603722267539
2,34469,34471,0.19142757369715688
12,34471,34483,1.1485590637125358
4,34483,34487,0.3828402673823768
12,34487,34499,1.1485080518171276
2,34499,34501,0.19141163523270047
10,34501,34511,0.9570528662778737
2,34511,34513,0.1914052644699066
6,34513,34519,0.5742126087980984
18,34519,34537,1.7226091688468599
6,34537,34543,0.5741744105997503
6,34543,34549,0.5741648659913441
34,34549,34583,3.253546832361407
6,34583,34589,0.5741012857032591
2,34589,34591,0.1913639187389574
12,34591,34603,1.1481771603180788
4,34603,34607,0.3827130189368005
6,34607,34613,0.5740631795696925
18,34613,34631,1.7221609738663484
18,34631,34649,1.7220753147199135
2,34649,34651,0.19133218984430878
16,34651,34667,1.5306490667360604
6,34667,34673,0.573968051814059
6,34673,34679,0.5739585498275723
8,34679,34687,0.7652653997329865
6,34687,34693,0.5739363861414661
10,34693,34703,0.9565448178015321
18,34703,34721,1.721733207780007
8,34721,34729,0.7651768058459599
10,34729,34739,0.9564499316182675
8,34739,34747,0.7651388761107943
10,34747,34757,0.9564025324564556
2,34757,34759,0.19127524244526403
4,34759,34763,0.3825483797051291
18,34763,34781,1.7214487639523848
26,34781,34807,2.4864140092034925
12,34807,34819,1.1474936955054857
22,34819,34841,2.103669101368389
2,34841,34843,0.19123109556572773
4,34843,34847,0.3824600919906937
2,34847,34849,0.1912279470698681
22,34849,34871,2.1034958748622725
6,34871,34877,0.5736460786233133
6,34877,34883,0.573636642814071
14,34883,34897,1.3384634875226813
16,34897,34913,1.5296138775370054
6,34913,34919,0.5735800685356788
20,34919,34939,1.9119021541509498
10,34939,34949,0.9558987542223361
12,34949,34961,1.147047127407474
2,34961,34963,0.19116824805500707
18,34963,34981,1.7205048249699435
42,34981,35023,4.014313767517508
4,35023,35027,0.3822717548701846
24,35027,35051,2.293605496227561
2,35051,35053,0.1911212808115492
6,35053,35059,0.5733607161812391
10,35059,35069,0.9555855644927419
12,35069,35081,1.1466714276003123
2,35081,35083,0.1911056569764271
6,35083,35089,0.573313847859913
10,35089,35099,0.9555074665400598
8,35099,35107,0.7643851612489788
4,35107,35111,0.3821842583734787
6,35111,35117,0.5732701471424827
12,35117,35129,1.1465215762068686
12,35129,35141,1.1464841514758024
8,35141,35149,0.764297827979116
4,35149,35153,0.3821406035831116
6,35153,35159,0.5732046738370077
12,35159,35171,1.146390656227782
30,35171,35201,2.865883211825881
20,35201,35221,1.9104332039852596
6,35221,35227,0.5730988667326655
24,35227,35251,2.29235816997766
6,35251,35257,0.57305226444762
10,35257,35267,0.9550715827648719
12,35267,35279,1.146054858411633
2,35279,35281,0.19100293719311284
10,35281,35291,0.9550095156247881
20,35291,35311,1.909967338312014
6,35311,35317,0.5729592014258955
6,35317,35323,0.572949905483179
4,35323,35327,0.38196040761411726
12,35327,35339,1.1458688328486664
14,35339,35353,1.336803618371841
10,35353,35363,0.9548236154953479
18,35363,35381,1.7186360970555254
12,35381,35393,1.145701731283813
8,35393,35401,0.7637764258996713
6,35401,35407,0.5728199594399196
12,35407,35419,1.1456213832681605
4,35419,35423,0.3818614410881667
14,35423,35437,1.33650063546158
10,35437,35447,0.9546073010727438
2,35447,35449,0.19091631800721642
12,35449,35461,1.1454917386383925
30,35461,35491,2.8636368272796813
16,35491,35507,1.527149702410557
2,35507,35509,0.19088550099983276
12,35509,35521,1.1453068490070024
6,35521,35527,0.5726349578627731
4,35527,35531,0.38175048488546953
2,35531,35533,0.19087319155659935
4,35533,35537,0.3817443324332733
6,35537,35543,0.5726103472286358
26,35543,35569,2.481271527117914
4,35569,35573,0.3817074436821405
18,35573,35591,1.7176650645451859
2,35591,35593,0.19084246121861767
4,35593,35597,0.38168287587341604
6,35597,35603,0.5725181747348705
14,35603,35617,1.335854257878277
54,35617,35671,5.1523874250846315
6,35671,35677,0.5724047497952771
52,35677,35729,4.960761567328618
2,35729,35731,0.1907720149540401
16,35731,35747,1.5261679710138192
6,35747,35753,0.5722885506044625
6,35753,35759,0.572279389515144
12,35759,35771,1.144540460512625
26,35771,35797,2.4797583079854046
4,35797,35801,0.3814748427209015
2,35801,35803,0.190735388880422
6,35803,35809,0.5722031182254148
22,35809,35831,2.098044572045876
6,35831,35837,0.5721604616820822
2,35837,35839,0.1907171087193545
12,35839,35851,1.1442965627761963
12,35851,35863,1.1442600340319897
6,35863,35869,0.5721117599217598
10,35869,35879,0.9535043901702736
18,35879,35897,1.7162622853238771
2,35897,35899,0.190686690321331
12,35899,35911,1.1441140645051668
12,35911,35923,1.1440776084323392
10,35923,35933,0.9533676390513782
18,35933,35951,1.7160162149345992
12,35951,35963,1.1439561928672792
6,35963,35969,0.5719598997799838
8,35969,35977,0.7626010722186329
6,35977,35983,0.5719386794856878
10,35983,35993,0.9532159801390085
6,35993,35999,0.571914439756553
8,35999,36007,0.7625404708873754
4,36007,36011,0.38126216034359955
2,36011,36013,0.19062906179728228
4,36013,36017,0.38125610542024213
20,36017,36037,1.906260347359528
24,36037,36061,2.2873913863928528
6,36061,36067,0.5718115638471217
6,36067,36073,0.5718024976514378
10,36073,36083,0.9529890554187843
14,36083,36097,1.3341494364471171
10,36097,36107,0.9529286559876704
2,36107,36109,0.1905807007335108
22,36109,36131,2.096376643237286
6,36131,36137,0.5717059031532792
14,36137,36151,1.3339593350168786
10,36151,36161,0.9527929319031734
26,36161,36187,2.4771963431832944
4,36187,36191,0.3810810332815523
18,36191,36209,1.7148465919175881
8,36209,36217,0.7621179382175676
12,36217,36229,1.14315284918988
12,36229,36241,1.143116773845239
10,36241,36251,0.9525672606028637
12,36251,36263,1.143050672645776
6,36263,36269,0.5715073187861056
8,36269,36277,0.7619977502390775
16,36277,36293,1.5239634861216755
6,36293,36299,0.571462305980977
8,36299,36307,0.7619377449805022
6,36307,36313,0.5714413151615997
6,36313,36319,0.5714323220456983
22,36319,36341,2.0952188792281743
2,36341,36343,0.19046345918283192
10,36343,36353,0.9523123049754145
20,36353,36373,1.904574710370553
10,36373,36383,0.9522374801070762
6,36383,36389,0.5713275328854658
44,36389,36433,4.189669455596429
18,36433,36451,1.7137584909592596
6,36451,36457,0.5712259672669141
10,36457,36467,0.9520283607082268
2,36467,36469,0.19040070075038462
4,36469,36473,0.3807994133337416
6,36473,36479,0.5711931560835564
14,36479,36493,1.3327631605579329
4,36493,36497,0.3807755654484593
26,36497,36523,2.475015352004351
4,36523,36527,0.38074578183284197
2,36527,36529,0.19037090644223387
12,36529,36541,1.142219485812872
10,36541,36551,0.9518198140959624
8,36551,36559,0.7614360201079517
4,36559,36563,0.3807100799111987
8,36563,36571,0.7614122312287679
12,36571,36583,1.1420945657078383
4,36583,36587,0.3806863018710672
12,36587,36599,1.1420470220090524
8,36599,36607,0.7613409203157142
22,36607,36629,2.093643983157827
8,36629,36637,0.7612815583058293
6,36637,36643,0.5709493036575153
10,36643,36653,0.9515673447954374
18,36653,36671,1.7127767482886116
6,36671,36677,0.5708989114846844
6,36677,36683,0.5708900245213233
8,36683,36691,0.7611748523843623
6,36691,36697,0.5708692950013834
12,36697,36709,1.1417208276065876
4,36709,36713,0.38056177106078826
8,36713,36721,0.7611156520744293
18,36721,36739,1.7124747188610285
10,36739,36749,0.9513304896204122
12,36749,36761,1.1415670314937187
6,36761,36767,0.5707657884332268
12,36767,36779,1.1415138547182448
2,36779,36781,0.19024640345774668
6,36781,36787,0.5707362582111826
4,36787,36791,0.3804849352475178
2,36791,36793,0.19024050008877755
16,36793,36809,1.5219161313341063
12,36809,36821,1.1413898959864577
12,36821,36833,1.1413545101242513
14,36833,36847,1.33153899431631
10,36847,36857,0.951064906518123
14,36857,36871,1.3314565073114564
6,36871,36877,0.57060360831827
10,36877,36887,0.9509912978289832
12,36887,36899,1.1411601329231544
2,36899,36901,0.1901874726811447
12,36901,36913,1.1411189546090887
6,36913,36919,0.5705418368539478
4,36919,36923,0.3803553461253091
6,36923,36929,0.5705271416914531
2,36929,36931,0.19017277562248436
12,36931,36943,1.1410307779431337
4,36943,36947,0.3803318437145729
26,36947,36973,2.4721315346834865
6,36973,36979,0.5704537368635807
18,36979,36997,1.7113348086722335
6,36997,37003,0.5704185444989244
10,37003,37013,0.9506829177549438
6,37013,37019,0.5703950980135545
2,37019,37021,0.1901287695637433
18,37021,37039,1.7111501378816225
10,37039,37049,0.9505950386503768
8,37049,37057,0.7604565166616837
4,37057,37061,0.38022045488378464
26,37061,37087,2.471407600428376
10,37087,37097,0.9504780245085235
20,37097,37117,1.9009073384955648
6,37117,37123,0.5702429892946657
16,37123,37139,1.5206246113897834
20,37139,37159,1.90070292481219
12,37159,37171,1.1403634089797754
10,37171,37181,0.9502736828090584
8,37181,37189,0.7601995144203533
10,37189,37199,0.9502299667954527
2,37199,37201,0.1900411382000453
16,37201,37217,1.5203213388369825
6,37217,37223,0.570097208479934
20,37223,37243,1.9002949215272633
10,37243,37253,0.9500989696860805
20,37253,37273,1.9001494715331901
4,37273,37277,0.3800105164573141
30,37277,37307,2.8500498177919154
2,37307,37309,0.18998880124679546
4,37309,37313,0.37997566748979583
8,37313,37321,0.7599435957049727
16,37321,37337,1.519856240234326
2,37337,37339,0.18997429519518172
18,37339,37357,1.709759957564312
4,37357,37361,0.3799292643947139
2,37361,37363,0.18996270033651833
6,37363,37369,0.5698852034951777
10,37369,37379,0.949794186765512
18,37379,37397,1.7095860900672613
12,37397,37409,1.1396719479407682
14,37409,37423,1.329576760303112
18,37423,37441,1.7093950913566847
6,37441,37447,0.5697723441748783
16,37447,37463,1.5193697980770666
20,37463,37483,1.8991352087838231
6,37483,37489,0.569711689591776
4,37489,37493,0.37980202083551406
8,37493,37501,0.7595963465914696
6,37501,37507,0.5696857195218912
4,37507,37511,0.37978471075190207
6,37511,37517,0.5696712981135263
12,37517,37529,1.1393252949283077
8,37529,37537,0.7595271348038719
10,37537,37547,0.9493897064182425
2,37547,37549,0.18987313963202213
12,37549,37561,1.1392330769057701
6,37561,37567,0.5695992596265592
4,37567,37571,0.3797270817842334
2,37571,37573,0.18986162187378552
6,37573,37579,0.5695819873673392
10,37579,37589,0.9492889228315813
2,37589,37591,0.18985298929862865
16,37591,37607,1.518816243417918
12,37607,37619,1.1390661698442917
14,37619,37633,1.3288702881860885
10,37633,37643,0.9491595406935945
6,37643,37649,0.569481363167624
8,37649,37657,0.7592969981296118
6,37657,37663,0.5694612650439534
28,37663,37691,2.6574457199907946
2,37691,37693,0.1898041641017801
6,37693,37699,0.5694096249510497
18,37699,37717,1.7082030719225312
30,37717,37747,2.8468761540629903
34,37747,37781,3.2262162235220404
2,37781,37783,0.18976121342204616
16,37783,37799,1.5180820827641686
12,37799,37811,1.1385158273610447
2,37811,37813,0.18974692357324574
18,37813,37831,1.7077137425667785
16,37831,37847,1.5178992359942745
6,37847,37853,0.5691893806497623
8,37853,37861,0.7589077617230711
10,37861,37871,0.9486156855437182
8,37871,37879,0.7588735372020766
10,37879,37889,0.9485729156442072
8,37889,37897,0.7588393320285675
10,37897,37907,0.9485301699177925
44,37907,37951,4.173428304002561
6,37951,37957,0.5690412465145457
6,37957,37963,0.5690327150531409
4,37963,37967,0.3793494567973221
20,37967,37987,1.8967283317183903
4,37987,37991,0.37932672119909827
2,37991,37993,0.18966146679706936
4,37993,37997,0.37932103996956396
14,37997,38011,1.3276103857665449
28,38011,38039,2.6551280187814545
8,38039,38047,0.7585550386119468
6,38047,38053,0.5689049353292049
16,38053,38069,1.517057145250226
14,38069,38083,1.3273720949356838
30,38083,38113,2.844269620429803
6,38113,38119,0.5688114585173005
30,38119,38149,2.844014850875969
4,38149,38153,0.3791737015282967
14,38153,38167,1.3270947656702612
10,38167,38177,0.9478918676753331
6,38177,38183,0.5687209980543219
6,38183,38189,0.5687125266358718
8,38189,38197,0.7582720757344118
4,38197,38201,0.37912851076632664
18,38201,38219,1.7060613656359507
12,38219,38231,1.1373234627142268
6,38231,38237,0.5686448122441707
2,38237,38239,0.18954545168549466
22,38239,38261,2.084989633263965
12,38261,38273,1.137205084169782
8,38273,38281,0.7581141934119345
6,38281,38287,0.5685743838756818
12,38287,38299,1.1371318796503505
4,38299,38303,0.37903270429691965
14,38303,38317,1.3266013367842735
4,38317,38321,0.37901582878038553
6,38321,38327,0.5685181199192776
2,38327,38329,0.1895032287837708
4,38329,38333,0.37900458367398215
18,38333,38351,1.705503763060945
20,38351,38371,1.8949198925901556
6,38371,38377,0.5684478881327328
16,38377,38393,1.5158385803575285
38,38393,38431,3.5999744639552325
16,38431,38447,1.5156366761125224
2,38447,38449,0.18944711467875908
4,38449,38453,0.3788923624186696
6,38453,38459,0.568332943331218
2,38459,38461,0.1894415147283796
40,38461,38501,3.7888116321075094
42,38501,38543,3.977860556383191
14,38543,38557,1.3258166122441326
4,38557,38561,0.3787917189012766
6,38561,38567,0.5681819967072826
2,38567,38569,0.1893912085104758
24,38569,38593,2.2726833419347536
10,38593,38603,0.946895613878231
6,38603,38609,0.568123430983347
2,38609,38611,0.1893716902127417
18,38611,38629,1.7043368525997171
10,38629,38639,0.9468120232957258
12,38639,38651,1.1361465841579017
2,38651,38653,0.18935219715211002
16,38653,38669,1.5148101563167606
2,38669,38671,0.18934385069393248
6,38671,38677,0.5680287707848026
16,38677,38693,1.5147211411205017
6,38693,38699,0.5679981878044986
8,38699,38707,0.7573198007744611
4,38707,38711,0.37865249111585225
2,38711,38713,0.1893243935815557
10,38713,38723,0.9466173383935819
6,38723,38729,0.5679565170531571
8,38729,38737,0.7572642500137882
10,38737,38747,0.9465618064005139
2,38747,38749,0.18930773602912
18,38749,38767,1.7037613003435659
16,38767,38783,1.5143879182779476
8,38783,38791,0.7571643874918599
12,38791,38803,1.135724410663092
18,38803,38821,1.7035367474923306
12,38821,38833,1.1356413194122255
6,38833,38839,0.5678040521457017
12,38839,38851,1.1355915013081583
10,38851,38861,0.9462985870756712
6,38861,38867,0.5677653248949883
6,38867,38873,0.567757030515729
18,38873,38891,1.703246212977235
12,38891,38903,1.1354477364391982
14,38903,38917,1.3246503577926099
4,38917,38921,0.3784586465679478
2,38921,38923,0.18922748318589216
10,38923,38933,0.9461328161059268
20,38933,38953,1.8922196424073734
6,38953,38959,0.5676383114781791
12,38959,38971,1.1352600807775768
6,38971,38977,0.5676135027535752
16,38977,38993,1.5136139632179335
26,38993,39019,2.459527197738141
4,39019,39023,0.37836494181221464
18,39023,39041,1.7026257287398985
2,39041,39043,0.1891723845853029
4,39043,39047,0.3783429359644329
32,39047,39079,3.026714159096631
10,39079,39089,0.9457748933409195
8,39089,39097,0.7566016060347467
6,39097,39103,0.5674402223506052
4,39103,39107,0.37828799164833576
6,39107,39113,0.5674264983884818
6,39113,39119,0.5674182660141418
14,39119,39133,1.3239567486632235
6,39133,39139,0.5673908356082337
18,39139,39157,1.7021478292112238
4,39157,39161,0.378238627411909
2,39161,39163,0.18911748701122869
18,39163,39181,1.702049163723583
10,39181,39191,0.9455417843221822
8,39191,39199,0.7564151754759514
10,39199,39209,0.9455007223466668
8,39209,39217,0.7563823358599678
10,39217,39227,0.9454596827860745
2,39227,39229,0.1890873785414609
4,39229,39233,0.37817293420822057
6,39233,39239,0.5672539331854786
2,39239,39241,0.18908191074601657
10,39241,39251,0.9454049982004313
42,39251,39293,3.970605343709249
8,39293,39301,0.7562293209929591
12,39301,39313,1.134322152655832
4,39313,39317,0.3780964731033229
6,39317,39323,0.5671392554173545
18,39323,39341,1.7013932258937428
2,39341,39343,0.18903551461378923
16,39343,39359,1.512276850527498
8,39359,39367,0.7561093676360167
4,39367,39371,0.3780474220443071
2,39371,39373,0.18902189590771018
10,39373,39383,0.9451049421635628
14,39383,39397,1.3231151631580327
12,39397,39409,1.1340606180359816
10,39409,39419,0.9450233162447561
20,39419,39439,1.890001316223182
4,39439,39443,0.3779821449366205
8,39443,39451,0.7559570451718983
10,39451,39461,0.9449281979868923
38,39461,39499,3.5906411604072805
4,39499,39503,0.37792785549086827
6,39503,39509,0.5668863595218054
2,39509,39511,0.18895940839142128
10,39511,39521,0.9447925234191081
20,39521,39541,1.8895398696150396
10,39541,39551,0.9447247779642359
12,39551,39563,1.133642651669962
6,39563,39569,0.5668050820748083
12,39569,39581,1.1335939247825133
26,39581,39607,2.4560498187973647
12,39607,39619,1.1334911433980888
4,39619,39623,0.37781957015802003
8,39623,39631,0.7556319347297847
28,39631,39659,2.6446613415299454
8,39659,39667,0.7555671233453818
4,39667,39671,0.37777636515698465
8,39671,39679,0.7555455350923553
24,39679,39703,2.266593441709062
6,39703,39709,0.5666160032642791
10,39709,39719,0.9443465293447323
8,39719,39727,0.7554592596510973
6,39727,39733,0.5665836693467154
16,39733,39749,1.5108682386554535
12,39749,39761,1.1331081006326325
8,39761,39769,0.7553838702597885
10,39769,39779,0.9442119013870939
12,39779,39791,1.133027384245434
8,39791,39799,0.7553300786343262
22,39799,39821,2.0771182914441035
6,39821,39827,0.5664572514008349
2,39827,39829,0.1888163980726248
10,39829,39839,0.9440775146848106
2,39839,39841,0.18881102806004663
6,39841,39847,0.5664303997347051
10,39847,39857,0.9440372455991847
6,39857,39863,0.5664089299368242
6,39863,39869,0.5664008814040156
8,39869,39877,0.7551904457483002
6,39877,39883,0.5663821070933747
4,39883,39887,0.37758270890584694
14,39887,39901,1.3215269705591104
28,39901,39929,2.6429663903235414
8,39929,39937,0.7550832566391836
16,39937,39953,1.5101379584517463
18,39953,39971,1.6988409778412583
8,39971,39979,0.7550083381263409
4,39979,39983,0.3774970392717203
6,39983,39989,0.5662402125179474
20,39989,40009,1.8874406470851555
4,40009,40013,0.37747031765085076
18,40013,40031,1.6986004045547987
6,40031,40037,0.5661761053933546
2,40037,40039,0.188722699476012
24,40039,40063,2.2646617190262677
24,40063,40087,2.264533672214144
6,40087,40093,0.5661014291380904
6,40093,40099,0.5660934354662659
12,40099,40111,1.1321708864326356
12,40111,40123,1.1321389259603523
4,40123,40127,0.3773689922839448
2,40127,40129,0.18868272161216368
22,40129,40151,2.075500178687187
2,40151,40153,0.18867207884705553
10,40153,40163,0.9433559614565773
6,40163,40169,0.5660002808994972
8,40169,40177,0.7546564069380363
12,40177,40189,1.1319633462895
4,40189,40193,0.377310486516012
20,40193,40213,1.8865347219151265
18,40213,40231,1.6978015800049944
6,40231,40237,0.5659099725057299
4,40237,40241,0.37726800855333664
12,40241,40253,1.1317934143265307
24,40253,40277,2.2635231756940235
6,40277,40283,0.5658489843537071
6,40283,40289,0.5658410354814175
54,40289,40343,5.09249779214641
8,40343,40351,0.7543488321001298
6,40351,40357,0.5657510464945442
4,40357,40361,0.37716207662984114
26,40361,40387,2.451530588101939
36,40387,40423,3.394220869251482
4,40423,40427,0.3771039735284484
2,40427,40429,0.18855022787640227
4,40429,40433,0.37709869702011267
26,40433,40459,2.45111866912206
12,40459,40471,1.1312169852960536
12,40471,40483,1.1311853625083366
4,40483,40487,0.3770512502876107
6,40487,40493,0.5655716080612265
6,40493,40499,0.5655637081655369
8,40499,40507,0.7540744128812759
12,40507,40519,1.131090560969361
10,40519,40529,0.9425491522557189
2,40529,40531,0.18850544599627206
12,40531,40543,1.1310274155575128
16,40543,40559,1.5079944793520839
18,40559,40577,1.696430703079187
6,40577,40583,0.5654532554860806
8,40583,40591,0.7539271685459398
6,40591,40597,0.5654348731272641
12,40597,40609,1.1308539945600389
18,40609,40627,1.6962337492046629
10,40627,40637,0.9423127313063865
2,40637,40639,0.18845817565340336
54,40639,40693,5.088347145500784
4,40693,40697,0.3768674476953315
2,40697,40699,0.1884319788205376
10,40699,40709,0.9421555319170457
30,40709,40739,2.8264011744285322
12,40739,40751,1.1304820099976869
8,40751,40759,0.7536337635411918
4,40759,40763,0.37680991387280566
8,40763,40771,0.7536128610667393
16,40771,40787,1.5071978602919076
14,40787,40801,1.318749386582776
12,40801,40813,1.1303200771650077
6,40813,40819,0.5651443845513583
4,40819,40823,0.3767577063911948
6,40823,40829,0.5651313437030796
12,40829,40841,1.1302470420323598
6,40841,40847,0.5651078797399682
2,40847,40849,0.18836668704992404
4,40849,40853,0.37673163683755
14,40853,40867,1.3185485691566066
12,40867,40879,1.1301480180720458
4,40879,40883,0.37670559002619214
14,40883,40897,1.3184574159201947
6,40897,40903,0.5650349592605711
24,40903,40927,2.2601086135610946
6,40927,40933,0.5649959435103966
6,40933,40939,0.564988144438559
10,40939,40949,0.9416339112084937
12,40949,40961,1.1299347071068222
12,40961,40973,1.1299035334472627
20,40973,40993,1.8831206177305702
18,40993,41011,1.694730685075491
6,41011,41017,0.5648868799573352
6,41017,41023,0.564879099862908
16,41023,41039,1.5063235229886234
8,41039,41047,0.75313411255463
4,41047,41051,0.3765601464439058
6,41051,41057,0.5648350381909174
20,41057,41077,1.882757557010959
4,41077,41081,0.3765342488138254
32,41081,41113,3.012246379957065
4,41113,41117,0.37650320130847637
14,41117,41131,1.3177491375294619
10,41131,41141,0.9412192241686398
2,41141,41143,0.18823953778703925
6,41143,41149,0.5647160295809318
12,41149,41161,1.1294165582714815
16,41161,41177,1.5058474193948574
2,41177,41179,0.1882240427127403
4,41179,41183,0.3764463646945893
6,41183,41189,0.5646643852960477
12,41189,41201,1.1293132875882963
2,41201,41203,0.18821372160314992
10,41203,41213,0.9410643091657925
8,41213,41221,0.7528342549075834
6,41221,41227,0.5646153784020029
4,41227,41231,0.37640509691901586
2,41231,41233,0.1882008302574703
10,41233,41243,0.9409998561536146
14,41243,41257,1.3173697378764235
6,41257,41263,0.5645690003094226
6,41263,41269,0.5645612753022639
12,41269,41281,1.129107103259321
18,41281,41299,1.6936143248592337
34,41299,41333,3.19891806853014
8,41333,41341,0.7526283316205428
10,41341,41351,0.9407682858306203
6,41351,41357,0.5644481282994971
24,41357,41381,2.2577616966054936
6,41381,41387,0.5644096208334577
2,41387,41389,0.18813397444016783
10,41389,41399,0.9406655962958115
12,41399,41411,1.1287730645429188
2,41411,41413,0.18812371550735998
30,41413,41443,2.8218429137276213
10,41443,41453,0.9405502395680406
14,41453,41467,1.3167404555323707
12,41467,41479,1.1285988326646905
12,41479,41491,1.1285681211011926
16,41491,41507,1.504716560122721
6,41507,41513,0.5642482509097114
6,41513,41519,0.5642405811491342
2,41519,41521,0.18807763756849036
18,41521,41539,1.6926910705504752
4,41539,41543,0.37613824048817207
6,41543,41549,0.5642022520915767
30,41549,41579,2.820972951130995
14,41579,41593,1.3163647014162814
4,41593,41597,0.3760922955658351
6,41597,41603,0.5641333425865461
6,41603,41609,0.56412569253575
2,41609,41611,0.18803934793186663
6,41611,41617,0.5641154945067327
4,41617,41621,0.376071898342309
6,41621,41627,0.5641027502455737
14,41627,41641,1.3162219126813524
6,41641,41647,0.5640772726329802
4,41647,41651,0.3760464214559533
8,41651,41659,0.7520860523702648
10,41659,41669,0.9400905920136798
12,41669,41681,1.1280832567763
6,41681,41687,0.5640263609928623
32,41687,41719,3.00809988935093
10,41719,41729,0.9399634144490526
8,41729,41737,0.7519537914514695
22,41737,41759,2.0678356678023677
2,41759,41761,0.18797575001251704
10,41761,41771,0.9398745193725053
6,41771,41777,0.5639120217192051
24,41777,41801,2.2556176380353237
8,41801,41809,0.7518319648663201
4,41809,41813,0.3759092219841745
30,41813,41843,2.8192938175194593
6,41843,41849,0.5638207608154224
2,41849,41851,0.1879377213872648
12,41851,41863,1.1276212644628703
16,41863,41879,1.5034545164457234
8,41879,41887,0.7517002670553407
6,41887,41893,0.5637650820486857
4,41893,41897,0.3758383299153107
6,41897,41903,0.5637524374729244
8,41903,41911,0.7516598032642898
16,41911,41927,1.5032926429030362
14,41927,41941,1.3153338922405988
6,41941,41947,0.5636968438997931
6,41947,41953,0.5636892683261226
4,41953,41957,0.3757877960263587
2,41957,41959,0.1878922150766653
10,41959,41969,0.9394568683993899
12,41969,41981,1.1273230044626332
2,41981,41983,0.1878821214583462
16,41983,41999,1.5030502450632548
14,41999,42013,1.3151218901929338
4,42013,42017,0.3757373479162102
2,42017,42019,0.18786699387608458
4,42019,42023,0.37573230781263883
20,42023,42043,1.8786447410925446
18,42043,42061,1.6907047017474848
10,42061,42071,0.9392426275190243
2,42071,42073,0.18784433134690454
10,42073,42083,0.9392174632881352
6,42083,42089,0.563517899764439
12,42089,42101,1.1270207090868296
30,42101,42131,2.8174763396679308
8,42131,42139,0.7512767649932364
18,42139,42157,1.6903425820367144
12,42157,42169,1.126849862455805
10,42169,42179,0.9390164558585842
2,42179,42181,0.18779910976954262
6,42181,42187,0.5633948208912303
6,42187,42193,0.5633872964865856
4,42193,42197,0.3755865155686356
12,42197,42209,1.126749517272907
12,42209,42221,1.1267194357481605
2,42221,42223,0.1877815607299741
4,42223,42227,0.3755614511573699
12,42227,42239,1.1266743325023616
18,42239,42257,1.6899664145351618
24,42257,42281,2.253198422299883
2,42281,42283,0.18775652661040587
10,42283,42293,0.9387784643328639
6,42293,42299,0.5632545745497045
8,42299,42307,0.7509960984068736
16,42307,42323,1.5019655327412609
8,42323,42331,0.7509561112788384
6,42331,42337,0.5632070911655978
12,42337,42349,1.1263991968345215
10,42349,42359,0.9386410278392298
14,42359,42373,1.314068316850888
6,42373,42379,0.5631546683968832
12,42379,42391,1.126294368936184
6,42391,42397,0.5631322203852083
6,42397,42403,0.5631247402303314
4,42403,42407,0.3754115075550946
2,42407,42409,0.1877040920330309
24,42409,42433,2.2524391347669916
4,42433,42437,0.37538659045886524
6,42437,42443,0.5630749046403708
8,42443,42451,0.7507565788185687
6,42451,42457,0.5630574753628926
4,42457,42461,0.3753666718415201
2,42461,42463,0.18768167668605376
4,42463,42467,0.3753616942766302
6,42467,42473,0.5630375645461281
14,42473,42487,1.3137369006690187
4,42487,42491,0.3753417923670555
8,42491,42499,0.7506769533604997
10,42499,42509,0.9383296160465593
24,42509,42533,2.251941364054627
24,42533,42557,2.251822106006142
12,42557,42569,1.125851463926052
2,42569,42571,0.1876369473920412
6,42571,42577,0.5629083610296226
12,42577,42589,1.125801836841322
22,42589,42611,2.063915468775908
30,42611,42641,2.814293835757556
2,42641,42643,0.18760720267092754
6,42643,42649,0.5628191318408641
18,42649,42667,1.688435112457692
10,42667,42677,0.9379823808857238
6,42677,42683,0.5627770580082061
6,42683,42689,0.5627696373465059
8,42689,42697,0.7503496238980192
4,42697,42701,0.3751682181904955
2,42701,42703,0.18758246093070802
6,42703,42709,0.5627449107515814
10,42709,42719,0.9378958257580845
8,42719,42727,0.7503001858343655
10,42727,42737,0.9378587616423658
6,42737,42743,0.5627029070871227
8,42743,42751,0.7502606650603688
16,42751,42767,1.5004949946498065
6,42767,42773,0.5626658779729004
14,42773,42787,1.3128697769871858
6,42787,42793,0.5626412090296498
4,42793,42797,0.37508920734455903
24,42797,42821,2.2505155187704116
8,42821,42829,0.7501324043157495
10,42829,42839,0.9376490813208556
2,42839,42841,0.1875257112702015
12,42841,42853,1.125149342447755
6,42853,42859,0.5625598985699204
4,42859,42863,0.37503500938999945
36,42863,42899,3.3752855506622295
2,42899,42901,0.18750110517918991
22,42901,42923,2.062503142481142
6,42923,42929,0.562473822549913
8,42929,42937,0.7499552698169417
6,42937,42943,0.5624566273490119
10,42943,42953,0.9374154333586482
8,42953,42961,0.7499159784552173
6,42961,42967,0.5624271653457259
12,42967,42979,1.1248396057973082
10,42979,42989,0.9373418027773018
14,42989,43003,1.3122499079683458
10,43003,43013,0.9372927563980227
6,43013,43019,0.5623633979993934
18,43019,43037,1.687068138359058
12,43037,43049,1.1246679955681527
2,43049,43051,0.1874397683253979
12,43051,43063,1.1246337132954138
4,43063,43067,0.3748681130083274
26,43067,43093,2.436621524482988
10,43093,43103,0.9371091215438222
14,43103,43117,1.3119242441002474
16,43117,43133,1.4992963666448118
18,43133,43151,1.6866497739152548
8,43151,43159,0.7495928161777315
18,43159,43177,1.6865545413200236
12,43177,43189,1.1243257673055413
12,43189,43201,1.1242964947786833
6,43201,43207,0.5621336159538033
16,43207,43223,1.4990034721215209
14,43223,43237,1.3115825430974557
24,43237,43261,2.248359002340072
10,43261,43271,0.936767551818696
12,43271,43283,1.1240967239644164
8,43283,43291,0.7493783512778216
22,43291,43313,2.06075479052179
6,43313,43319,0.5619972881634846
2,43319,43321,0.18732999890136728
10,43321,43331,0.9366459441401763
60,43331,43391,5.619754173820023
6,43391,43397,0.5619025926098811
2,43397,43399,0.1872984389030545
4,43399,43403,0.3745952611162237
8,43403,43411,0.7491840560036214
16,43411,43427,1.4983422513366524
14,43427,43441,1.3110042285955052
10,43441,43451,0.9364033276200875
6,43451,43457,0.5618298873012716
24,43457,43481,2.247290493307664
6,43481,43487,0.5617935793322967
12,43487,43499,1.1235726426150685
18,43499,43517,1.6853154264724528
24,43517,43541,2.2470001960360615
2,43541,43543,0.18724035084630386
30,43543,43573,2.8085931851149004
4,43573,43577,0.3744549467218783
2,43577,43579,0.18722586446475661
12,43579,43591,1.1233503604944837
6,43591,43597,0.5616607041256761
10,43597,43607,0.9360891130649481
2,43607,43609,0.18721380332938153
4,43609,43613,0.3744259992079423
14,43613,43627,1.3104797459909845
6,43627,43633,0.5616173041318581
16,43633,43649,1.4976268664885761
2,43649,43651,0.1871969342795136
10,43651,43661,0.935980657360692
8,43661,43669,0.7487684723607445
22,43669,43691,2.0590779898729528
20,43691,43711,1.8718008448894377
6,43711,43717,0.5615162026093954
4,43717,43721,0.3743393265997297
32,43721,43753,2.9946889710893445
6,43753,43759,0.5614657383055787
18,43759,43777,1.6843756014421924
4,43777,43781,0.37429128491589614
2,43781,43783,0.1871440424583098
4,43783,43787,0.374286485047133
2,43787,43789,0.18714164278420983
4,43789,43793,0.3742816859591754
8,43793,43801,0.7485569740017364
52,43801,43853,4.865537171621552
14,43853,43867,1.309806904732434
22,43867,43889,2.0582065281909845
2,43889,43891,0.18710090794820225
22,43891,43913,2.058101213846132
20,43913,43933,1.8709133961206892
10,43933,43943,0.9354168536974189
8,43943,43951,0.7483175516717416
10,43951,43961,0.93538101217641
2,43961,43963,0.18707222154974423
6,43963,43969,0.5612142765048924
4,43969,43973,0.3741380752304024
14,43973,43987,1.309472121340581
4,43987,43991,0.3741237525522032
6,43991,43997,0.5611808560194693
20,43997,44017,1.8705789925735297
4,44017,44021,0.3740998968758697
6,44021,44027,0.561145076365956
2,44027,44029,0.18704597463619235
12,44029,44041,1.1222710800264752
12,44041,44053,1.1222424786801282
6,44053,44059,0.5611069432915082
12,44059,44071,1.1221995940011904
16,44071,44087,1.4962280210233787
2,44087,44089,0.18702215430352992
12,44089,44101,1.122128165731654
10,44101,44111,0.9350830088133902
8,44111,44119,0.7480505477717037
4,44119,44123,0.3740189317104577
6,44123,44129,0.5610236417019646
2,44129,44131,0.18700550295529128
28,44131,44159,2.618065947045066
12,44159,44171,1.1219617238895898
8,44171,44179,0.7479554816324184
10,44179,44189,0.9349285221612929
12,44189,44201,1.1218904875156048
2,44201,44203,0.1869770015063098
4,44203,44207,0.3739524211723764
14,44207,44221,1.3088224021135768
28,44221,44249,2.6175673190239417
8,44249,44257,0.7478321245525851
6,44257,44263,0.5608646153546908
4,44263,44267,0.373905005429546
2,44267,44269,0.1869509235464429
4,44269,44273,0.373900268051582
6,44273,44279,0.5608456653344771
2,44279,44281,0.1869461870574942
12,44281,44293,1.1216723867447875
58,44293,44351,5.421279229291247
6,44351,44357,0.5607534002474641
14,44357,44371,1.3084080587938343
10,44371,44381,0.9345496225890185
2,44381,44383,0.18690598831531632
6,44383,44389,0.5607156036034211
28,44389,44417,2.6166397615565242
32,44417,44449,2.990269227162376
4,44449,44453,0.37375850005004924
30,44453,44483,2.8031651804486195
8,44483,44491,0.747463596318944
6,44491,44497,0.5605882783228571
4,44497,44501,0.37372081030308657
6,44501,44507,0.5605765075037374
12,44507,44519,1.121138893038078
12,44519,44531,1.1211106558766348
2,44531,44533,0.18684707129119857
4,44533,44537,0.3736925746455618
6,44537,44543,0.5605341585338975
6,44543,44549,0.560527104322195
14,44549,44563,1.3078801195556915
16,44563,44579,1.494676262468074
8,44579,44587,0.7473130702948884
30,44587,44617,2.8023770393556684
4,44617,44621,0.373626796661954
2,44621,44623,0.1868118340218896
10,44623,44633,0.9340552596487748
8,44633,44641,0.7472285683720321
6,44641,44647,0.5604120449162276
4,44647,44651,0.3736033401356188
6,44651,44657,0.5604003210181858
26,44657,44683,2.428370915425054
4,44683,44687,0.37357521698308965
12,44687,44699,1.120716281545032
2,44699,44701,0.18678136321719094
10,44701,44711,0.9339029137222105
18,44711,44729,1.6809901290200704
12,44729,44741,1.1206179628523922
12,44741,44753,1.1205898919198023
18,44753,44771,1.6808427448812655
2,44771,44773,0.1867532922769052
4,44773,44777,0.3735050265869247
12,44777,44789,1.1205057327027337
8,44789,44797,0.7469851316487004
12,44797,44809,1.1204590122716795
10,44809,44819,0.9336924932444638
20,44819,44839,1.8673460806330564
4,44839,44843,0.3734536599634179
8,44843,44851,0.7469010994377878
16,44851,44867,1.4937773208697729
12,44867,44879,1.1202956854893658
8,44879,44887,0.7468451446507092
6,44887,44893,0.5601245381152227
16,44893,44909,1.4936467976777832
8,44909,44917,0.746798556334627
10,44917,44927,0.9334826737761094
12,44927,44939,1.1201559316033582
14,44939,44953,1.3068160086382767
6,44953,44959,0.5600477201767271
4,44959,44963,0.37336049557675577
8,44963,44971,0.7467147903616171
12,44971,44983,1.1200535861121557
4,44983,44987,0.37334189810913365
20,44987,45007,1.866693998379813
6,45007,45013,0.5599849686186106
40,45013,45053,3.733186678258086
8,45053,45061,0.7465754453558305
16,45061,45077,1.4931261502423994
6,45077,45083,0.5599037568512338
36,45083,45119,3.3593808168407033
2,45119,45121,0.18661836719659144
6,45121,45127,0.5598527860132492
4,45127,45131,0.3732305600095755
6,45131,45137,0.5598412099572282
2,45137,45139,0.18661142192815722
22,45139,45161,2.0527171547799554
18,45161,45179,1.6794195001282326
2,45179,45181,0.18659522907474946
10,45181,45191,0.9329722921604096
6,45191,45197,0.5597718174775016
36,45197,45233,3.35858930545707
14,45233,45247,1.3060210514326245
12,45247,45259,1.1194142994515202
4,45259,45263,0.37312886980380755
18,45263,45281,1.6790660720008268
8,45281,45289,0.7462239113041981
4,45289,45293,0.37310580746891026
14,45293,45307,1.3058595685118761
10,45307,45317,0.9327299469176599
2,45317,45319,0.18654214948571476
10,45319,45329,0.9327069081339996
8,45329,45337,0.7461501717410159
4,45337,45341,0.37306894541083374
2,45341,45343,0.18653293783154565
18,45343,45361,1.6787895340937242
16,45361,45377,1.4922021269713233
12,45377,45389,1.1191147871550717
14,45389,45403,1.3056017230717551
10,45403,45413,0.9325458390562391
14,45413,45427,1.3055373628076912
6,45427,45433,0.5594999305519556
6,45433,45439,0.5594930400320899
42,45439,45481,3.916403054142801
10,45481,45491,0.9323965911876466
6,45491,45497,0.559426487286306
6,45497,45503,0.5594196082660653
20,45503,45523,1.864709101073631
10,45523,45533,0.9323163526853026
8,45533,45541,0.7458378089803331
12,45541,45553,1.1187383899667172
4,45553,45557,0.3729036372901431
12,45557,45569,1.1187017544134314
18,45569,45587,1.6780114316477275
2,45587,45589,0.18643885064650914
10,45589,45599,0.9321904409022304
14,45599,45613,1.3050399351172832
18,45613,45631,1.6778604751380766
10,45631,45641,0.9321104277720715
18,45641,45659,1.6777645018287648
8,45659,45667,0.7456457073693505
6,45667,45673,0.5592251487609727
4,45673,45677,0.37281220078790606
14,45677,45691,1.304832052351335
6,45691,45697,0.5591977648462262
10,45697,45707,0.9319848692231497
30,45707,45737,2.7958975919094837
14,45737,45751,1.3046724289131437
6,45751,45757,0.5591293796525005
6,45757,45763,0.559122546985558
4,45763,45767,0.37274381025430997
12,45767,45779,1.118222323138114
38,45779,45817,3.540950852107695
4,45817,45821,0.37270285248153723
2,45821,45823,0.1863499104254252
4,45823,45827,0.3726983051532425
6,45827,45833,0.5590429109901895
8,45833,45841,0.7453814556845111
12,45841,45853,1.1180540022164316
10,45853,45863,0.9316889477563303
6,45863,45869,0.5590020115078703
18,45869,45887,1.6769855958910138
6,45887,45893,0.5589747663394001
50,45893,45943,4.65806631407189
6,45943,45949,0.5589112599672572
4,45949,45953,0.37260297410668425
6,45953,45959,0.5588999292069463
12,45959,45971,1.1177862643094256
8,45971,45979,0.7451727216103052
10,45979,45989,0.9314508048571871
32,45989,46021,2.9805822009409426
6,46021,46027,0.5588229575285549
22,46027,46049,2.048992632089516
2,46049,46051,0.1862637675045073
10,46051,46061,0.9313150705246255
12,46061,46073,1.1175554861348818
18,46073,46091,1.6762925634337416
2,46091,46093,0.1862479542592476
6,46093,46099,0.5587416050219303
4,46099,46103,0.37248988830113083
30,46103,46133,2.793651589928828
8,46133,46141,0.7449286323928126
6,46141,46147,0.5586874537193255
6,46147,46153,0.5586806895052934
18,46153,46171,1.6760217790033243
10,46171,46181,0.9310894051299736
2,46181,46183,0.1862141262182876
4,46183,46187,0.3724267507449642
12,46187,46199,1.117271242779465
20,46199,46219,1.8620736999425123
10,46219,46229,0.9309993336995123
8,46229,46237,0.7447844662274251
24,46237,46261,2.234317405238194
10,46261,46271,0.9309206121722019
2,46271,46273,0.18618037628931128
6,46273,46279,0.5585388815265794
22,46279,46301,2.0479511807104718
6,46301,46307,0.5585074308402556
2,46307,46309,0.1861668981141934
18,46309,46327,1.6754953472202854
10,46327,46337,0.9307970780426329
12,46337,46349,1.1169340547545314
2,46349,46351,0.18615118927657706
30,46351,46381,2.792256624868364
18,46381,46399,1.6752530877041854
12,46399,46411,1.116795061679943
28,46411,46439,2.6057924322263792
2,46439,46441,0.18611758426464758
6,46441,46447,0.558350515092628
4,46447,46451,0.372229201782961
6,46451,46457,0.5583393283003403
14,46457,46471,1.3027761077240156
6,46471,46477,0.5583169632828653
12,46477,46489,1.1166205120076063
10,46489,46499,0.9304947408770565
8,46499,46507,0.7443808952415235
4,46507,46511,0.37218449000459614
12,46511,46523,1.1165445349569487
26,46523,46549,2.4191217597169845
10,46549,46559,0.9303830811228914
8,46559,46567,0.7442915902085848
6,46567,46573,0.5582097698886117
16,46573,46589,1.4885415440154568
2,46589,46591,0.18606174721624252
10,46591,46601,0.9303050208166141
18,46601,46619,1.674515605195012
14,46619,46633,1.3023542377512722
6,46633,46639,0.5581362263561617
4,46639,46643,0.372086364468458
6,46643,46649,0.5581250941665635
14,46649,46663,1.302276304493393
16,46663,46679,1.4882742354054868
2,46679,46681,0.18602834723655426
6,46681,46687,0.5580828176474476
4,46687,46691,0.3720507640925502
12,46691,46703,1.116143398062646
20,46703,46723,1.8601945347315352
4,46723,46727,0.3720240922867084
20,46727,46747,1.8601056512865777
4,46747,46751,0.3720063246198699
6,46751,46757,0.5580050465908322
12,46757,46769,1.1159967738542775
2,46769,46771,0.18599502354661934
36,46771,46807,3.3478971099156527
4,46807,46811,0.3719619527433354
6,46811,46817,0.5579384955254705
2,46817,46819,0.1859772819945187
10,46819,46829,0.9298827161569638
2,46829,46831,0.18597284997708888
22,46831,46853,2.045693225823155
8,46853,46861,0.7438559599264936
6,46861,46867,0.557883113537504
10,46867,46877,0.9297941206810405
12,46877,46889,1.1157308122017555
12,46889,46901,1.115704260453201
18,46901,46919,1.673516575143326
14,46919,46933,1.301577569044394
24,46933,46957,2.2312139458886944
36,46957,46993,3.3466618578303358
4,46993,46997,0.3718248274456192
20,46997,47017,1.8591094279389657
24,47017,47041,2.2308430845082468
10,47041,47051,0.929473861840759
6,47051,47057,0.5576732993185199
2,47057,47059,0.1858888966599389
28,47059,47087,2.602434273081983
6,47087,47093,0.5576336582702065
18,47093,47111,1.6728811647693151
8,47111,47119,0.7434763344885406
4,47119,47123,0.3717323012956458
6,47123,47129,0.5575940531463147
8,47129,47137,0.7434499410409924
6,47137,47143,0.5575786608425158
4,47143,47147,0.37171471053358796
2,47147,47149,0.18585588988619473
12,47149,47161,1.1151309435070835
28,47161,47189,2.6019106710082656
18,47189,47207,1.6725646105679932
14,47207,47221,1.3008374879683258
16,47221,47237,1.486630455261467
14,47237,47251,1.3007607042199594
18,47251,47269,1.6723605749028283
10,47269,47279,0.9290563323334996
8,47279,47287,0.7432304594665095
6,47287,47293,0.5574140827377791
4,47293,47297,0.37160500832976484
6,47297,47303,0.5574031328816658
6,47303,47309,0.5573965642856487
8,47309,47317,0.7431866622367103
22,47317,47339,2.043731218477557
12,47339,47351,1.1147143468916518
2,47351,47353,0.1857813503529372
10,47353,47363,0.9289031072961598
18,47363,47381,1.6719927978437792
6,47381,47387,0.5573112623362009
2,47387,47389,0.18576823584858504
18,47389,47407,1.671907568502895
10,47407,47417,0.9288047755829535
2,47417,47419,0.1857573161162754
12,47419,47431,1.114539530552477
10,47431,47441,0.9287611152217848
18,47441,47459,1.6717372760436469
32,47459,47491,2.971872675936805
6,47491,47497,0.557191247296217
4,47497,47501,0.37145647366884665
6,47501,47507,0.5571803531852356
6,47507,47513,0.5571738180238782
8,47513,47521,0.7428897117881491
6,47521,47527,0.5571585731192064
6,47527,47533,0.5571520412187623
10,47533,47543,0.9285758504933388
20,47543,47563,1.8571154253221167
6,47563,47569,0.557112870337989
12,47569,47581,1.1142126905512875
10,47581,47591,0.9284888301300726
8,47591,47599,0.7427765711911808
10,47599,47609,0.9284562243255149
14,47609,47623,1.2998133628286892
6,47623,47629,0.5570476635924839
10,47629,47639,0.9284019137930632
14,47639,47653,1.2997373470130884
4,47653,47657,0.3713433978249347
2,47657,47659,0.185670252108935
22,47659,47681,2.04236481637277
18,47681,47699,1.6709541687924518
2,47699,47701,0.18565506935921797
10,47701,47711,0.9282717338327114
2,47711,47713,0.18565073434190624
4,47713,47717,0.3713000239294087
20,47717,47737,1.8564856731799937
4,47737,47741,0.37128269247518064
2,47741,47743,0.18563990245194642
34,47743,47777,3.155866070419432
2,47777,47779,0.1856269148317726
12,47779,47791,1.1137571618252906
6,47791,47797,0.5568656016711407
10,47797,47807,0.9280985224988078
2,47807,47809,0.18561610067503836
10,47809,47819,0.9280769000867183
18,47819,47837,1.670505995384448
6,47837,47843,0.5568158836831869
14,47843,47857,1.2992219401169505
12,47857,47869,1.1135885696867898
12,47869,47881,1.113562661351378
22,47881,47903,2.0414840613108844
8,47903,47911,0.7423261974647613
6,47911,47917,0.5567360213898497
16,47917,47933,1.4846121399438892
6,47933,47939,0.5567123067438156
8,47939,47947,0.742274455136794
4,47947,47951,0.3711314815487718
12,47951,47963,1.1133858268955446
6,47963,47969,0.5566799893780114
8,47969,47977,0.7422313717074929
4,47977,47981,0.37110994409393366
36,47981,48017,3.339963662756971
6,48017,48023,0.5566218784664303
6,48023,48029,0.5566154264813268
20,48029,48049,1.8553632515060965
24,48049,48073,2.226349915673587
6,48073,48079,0.5565616970762982
12,48079,48091,1.1131105079999595
18,48091,48109,1.6696271121196733
10,48109,48119,0.927538421517565
2,48119,48121,0.18550410816791224
10,48121,48131,0.9275169652325898
26,48131,48157,2.411497633583979
6,48157,48163,0.5564715806501627
16,48163,48179,1.4839070690514584
8,48179,48187,0.7419306793599663
6,48187,48193,0.5564394413632866
4,48193,48197,0.37095534423489807
24,48197,48221,2.2257149341540705
18,48221,48239,1.6692091365034563
8,48239,48247,0.7418450525566407
12,48247,48259,1.1127504677840077
12,48259,48271,1.1127248075130098
10,48271,48281,0.92724929567071
18,48281,48299,1.6690166749833601
12,48299,48311,1.1126393278736384
2,48311,48313,0.18543561672418318
24,48313,48337,2.22521885964798
4,48337,48341,0.3708527333037043
12,48341,48353,1.1125496645238633
18,48353,48371,1.6687860950769033
12,48371,48383,1.1124856757941766
14,48383,48397,1.2978701090524685
10,48397,48407,0.9270252141144151
2,48407,48409,0.18540149189816224
4,48409,48413,0.3708015636351299
24,48413,48437,2.2247923411283037
12,48437,48449,1.112345066034792
14,48449,48463,1.2977061125290583
10,48463,48473,0.9269081138800613
6,48473,48479,0.556134232747147
2,48479,48481,0.18537595088231743
6,48481,48487,0.5561257261548873
4,48487,48491,0.37074623153503994
6,48491,48497,0.5561150952541368
26,48497,48523,2.409804444497696
4,48523,48527,0.3707207292182361
6,48527,48533,0.556076845517951
6,48533,48539,0.556070473832079
2,48539,48541,0.18535470102662022
22,48541,48563,2.038893925578482
8,48563,48571,0.741384839203262
18,48571,48589,1.6680904244777717
4,48589,48593,0.37067403316853903
18,48593,48611,1.668020424847349
8,48611,48619,0.7413169690478794
4,48619,48623,0.370652832539264
24,48623,48647,2.223900041761772
2,48647,48649,0.1853165296352549
12,48649,48661,1.1118949422311963
12,48661,48673,1.1118695330827735
4,48673,48677,0.37061471045347544
2,48677,48679,0.18530594429486452
52,48679,48731,4.817936210892016
2,48731,48733,0.18528691015448667
18,48733,48751,1.6675758509985037
6,48751,48757,0.5558396004489848
4,48757,48761,0.37055550896542294
6,48761,48767,0.555829039294385
12,48767,48779,1.1116454076676034
2,48779,48781,0.18527001189462197
6,48781,48787,0.5558079246846689
12,48787,48799,1.111603184605073
10,48799,48809,0.9263148838450069
8,48809,48817,0.7410378419505058
4,48817,48821,0.37051329615452866
2,48821,48823,0.1852552420769282
24,48823,48847,2.2230544695355268
10,48847,48857,0.92623053200787
2,48857,48859,0.1852425942148224
10,48859,48869,0.9262094593985815
2,48869,48871,0.18523838071523813
12,48871,48883,1.1114260715071889
6,48883,48889,0.5557003995460714
18,48889,48907,1.6670822484628531
40,48907,48947,3.7045009210478503
6,48947,48953,0.5556330684752314
20,48953,48973,1.8520892051249405
16,48973,48989,1.4816153200712245
2,48989,48991,0.18519631304697762
12,48991,49003,1.111173677725256
6,49003,49009,0.5555742393264556
10,49009,49019,0.9259465682159912
12,49019,49031,1.111114891264175
2,49031,49033,0.18518161820805218
4,49033,49037,0.3703618376519416
6,49037,49043,0.5555385604896945
14,49043,49057,1.2962419569584502
12,49057,49069,1.1110351732632961
12,49069,49081,1.1110100143612731
22,49081,49103,2.0368055817086606
6,49103,49109,0.5554693851931622
8,49109,49117,0.7406174693261455
4,49117,49121,0.3703031505410919
2,49121,49123,0.18515017944215353
16,49123,49139,1.4811958526277793
18,49139,49157,1.6662950989288996
12,49157,49169,1.1108257382721758
2,49169,49171,0.18513344000138263
6,49171,49177,0.555398228835047
16,49177,49193,1.4810452158200451
6,49193,49199,0.5553752326258478
2,49199,49201,0.18512298768256077
6,49201,49207,0.5553668733896564
4,49207,49211,0.37024040334636016
12,49211,49223,1.1107128532186819
30,49223,49253,2.7767194689668284
8,49253,49261,0.7404167701180521
16,49261,49277,1.480811281115404
2,49277,49279,0.1850958469654077
18,49279,49297,1.6658563654725702
10,49297,49307,0.9254444800372963
24,49307,49331,2.2210250613793954
2,49331,49333,0.18507708704537412
6,49333,49339,0.5552291781028187
24,49339,49363,2.2208917184132813
4,49363,49367,0.3701319630714934
2,49367,49369,0.18506459394693903
22,49369,49391,2.0357029022274813
2,49391,49393,0.18505627121111287
16,49393,49409,1.4804446229290698
2,49409,49411,0.18505003230374245
6,49411,49417,0.5551480177742382
12,49417,49429,1.1102835619232017
4,49429,49433,0.3700862066853422
18,49433,49451,1.6653754615422827
8,49451,49459,0.7401419412872724
4,49459,49463,0.3700654322562531
14,49463,49477,1.2952193221122563
4,49477,49481,0.370052974765146
18,49481,49499,1.665225932234094
24,49499,49523,2.220226537405014
6,49523,49529,0.5550317450088145
2,49529,49531,0.185008508302175
6,49531,49537,0.5550234517375184
10,49537,49547,0.9250287213760758
2,49547,49549,0.18500228998527254
10,49549,49559,0.9250079961321115
38,49559,49597,3.5149647726263193
6,49597,49603,0.5549550927571454
10,49603,49613,0.9249148060834959
14,49613,49627,1.294856586603639
6,49627,49633,0.5549240561187898
6,49633,49639,0.554917851459001
24,49639,49663,2.219646590751818
4,49663,49667,0.3699245609909796
2,49667,49669,0.18496090283353833
12,49669,49681,1.1097612843111861
16,49681,49697,1.4796486564148896
14,49697,49711,1.2946540219047258
16,49711,49727,1.4795660577904037
12,49727,49739,1.1096415220039495
2,49739,49741,0.1849361273767965
6,49741,49747,0.55480631932918
10,49747,49757,0.924666885858644
26,49757,49783,2.4040892219794254
4,49783,49787,0.3698420154617818
2,49787,49789,0.18491963400285685
12,49789,49801,1.1095136831272834
6,49801,49807,0.5547444809532344
4,49807,49811,0.3698255346475935
12,49811,49823,1.1094683662802707
8,49823,49831,0.739629105329982
12,49831,49843,1.109427189721918
10,49843,49853,0.9245020776544031
18,49853,49871,1.6640728771788749
6,49871,49877,0.5546724476604453
14,49877,49891,1.2942213175575696
28,49891,49919,2.5883754807019614
2,49919,49921,0.18487437420254899
6,49921,49927,0.5546210686168017
10,49927,49937,0.9243581787153915
2,49937,49939,0.18486821339977919
4,49939,49943,0.36973505805712525
14,49943,49957,1.2940631226848496
34,49957,49991,3.1426433095265303
2,49991,49993,0.18484974676709398
6,49993,49999,0.5545471898150518
22,49999,50021,2.0333171427780883
2,50021,50023,0.18483949773636552
10,50023,50033,0.9241940736330809
14,50033,50047,1.2938478011419225
4,50047,50051,0.3696612422649408
2,50051,50053,0.18482925598606564
16,50053,50069,1.4786285876906955
8,50069,50077,0.7392924577059989
10,50077,50087,0.9241019284205724
6,50087,50093,0.5544509264470951
8,50093,50101,0.7392597189940125
10,50101,50111,0.9240610127745718
8,50111,50119,0.7392351771535826
4,50119,50123,0.36961213651066754
6,50123,50129,0.5544141162963748
2,50129,50131,0.18480266143890084
16,50131,50147,1.4784158413779083
6,50147,50153,0.5543895935938727
6,50153,50159,0.5543834650908962
18,50159,50177,1.663132012369566
30,50177,50207,2.771794798813644
14,50207,50221,1.2934328111222277
6,50221,50227,0.554314069374526
4,50227,50231,0.36953863437890927
30,50231,50261,2.7715193675596557
2,50261,50263,0.18475776678241734
10,50263,50273,0.9237854381750574
14,50273,50287,1.293275846647145
4,50287,50291,0.36949788072514944
20,50291,50311,1.8474758293171711
10,50311,50321,0.9237039884779004
8,50321,50329,0.7389496251030486
4,50329,50333,0.36946938742949936
8,50333,50341,0.7389333505031841
18,50341,50359,1.6625756324779408
4,50359,50363,0.36944905231720915
14,50363,50377,1.2930621971865295
6,50377,50383,0.5541552872062491
4,50383,50387,0.36943279455797157
24,50387,50411,2.216580514940676
6,50411,50417,0.5541207581464936
6,50417,50423,0.5541146676470273
18,50423,50441,1.6623257340185766
18,50441,50459,1.6622709426996862
2,50459,50461,0.18469068605995467
36,50461,50497,3.3244201812344736
6,50497,50503,0.5540335429463047
10,50503,50513,0.9233791078874208
14,50513,50527,1.2927071179793248
12,50527,50539,1.1080063208580042
4,50539,50543,0.36932734227021713
6,50543,50549,0.5539869651567038
2,50549,50551,0.18466029783178653
30,50551,50581,2.7698943489898444
6,50581,50587,0.553948525714276
4,50587,50591,0.36929497297066044
2,50591,50593,0.18464613858577117
6,50593,50599,0.553936394050004
28,50599,50627,2.585008204315105
20,50627,50647,1.8463401316811083
4,50647,50651,0.3692545624752827
20,50651,50671,1.8462593522944828
12,50671,50683,1.1077152424607062
24,50683,50707,2.215382060340487
16,50707,50723,1.4768568346078008
18,50723,50741,1.661415557331857
12,50741,50753,1.1075740997565042
14,50753,50767,1.292141581528858
6,50767,50773,0.5537608670299593
4,50773,50777,0.3691698847266431
12,50777,50789,1.1075016018660169
32,50789,50821,2.953273198485422
12,50821,50833,1.1074130759753842
6,50833,50839,0.5536944741534383
10,50839,50849,0.9228140725021724
8,50849,50857,0.7382378590502908
10,50857,50867,0.9227839276704032
6,50867,50873,0.5536603116012868
18,50873,50891,1.6609628571703998
2,50891,50893,0.18454540437997347
16,50893,50909,1.476357881446644
14,50909,50923,1.2917756789622161
6,50923,50929,0.5536041027908116
22,50929,50951,2.029859644124733
6,50951,50957,0.5535760258360403
12,50957,50969,1.107140023447114
2,50969,50971,0.18451932867154075
18,50971,50989,1.6606679461675746
4,50989,50993,0.36902530041148845
8,50993,51001,0.7380452595397355
30,51001,51031,2.7676296692323645
12,51031,51043,1.106991813132143
4,51043,51047,0.3689892676719778
12,51047,51059,1.106959801129626
2,51059,51061,0.18448929998769972
10,51061,51071,0.9224431669793491
38,51071,51109,3.505220717110537
22,51109,51131,2.029199089099403
2,51131,51133,0.18446532214610467
4,51133,51137,0.36892931333185885
14,51137,51151,1.2912432805864673
6,51151,51157,0.5533760061941749
12,51157,51169,1.106740039846929
24,51169,51193,2.2134321995059896
4,51193,51197,0.36888941316958535
2,51197,51199,0.18444337756419793
4,51199,51203,0.3688854262000402
14,51203,51217,1.2910896898472328
12,51217,51229,1.1066204058331872
10,51229,51239,0.9221637491250836
2,51239,51241,0.18442943026895228
16,51241,51257,1.4754301315985618
6,51257,51263,0.5532703710038748
20,51263,51283,1.8442146646416153
4,51283,51287,0.36882966666559913
20,51287,51307,1.8441350707419808
22,51307,51329,2.028475653802285
12,51329,51341,1.1063975325077087
2,51341,51343,0.18439561456498132
4,51343,51347,0.36878990461511874
2,51347,51349,0.1843936278843736
12,51349,51361,1.1063577943116272
22,51361,51383,2.0282789270189494
24,51383,51407,2.212580562862729
6,51407,51413,0.5531213285642526
6,51413,51419,0.5531153775836487
2,51419,51421,0.18436980914184134
6,51421,51427,0.5531074442222191
4,51427,51431,0.3687343301069366
6,51431,51437,0.5530975295758679
2,51437,51439,0.18436386062797158
10,51439,51449,0.9218159991708775
12,51449,51461,1.1061593779294092
12,51461,51473,1.1061355986607033
6,51473,51479,0.5530559129791719
2,51479,51481,0.1843499903447487
6,51481,51487,0.5530479905682062
16,51487,51503,1.474778799244756
8,51503,51511,0.7373682819387547
6,51511,51517,0.5530182945078156
4,51517,51521,0.3686749051691364
18,51521,51539,1.659025201117652
12,51539,51551,1.1059811933185473
12,51551,51563,1.1059574632155218
14,51563,51577,1.290256029595941
4,51577,51581,0.3686353568092246
12,51581,51593,1.105898166568246
6,51593,51599,0.5529372296723355
8,51599,51607,0.7372417387877612
6,51607,51613,0.5529234045847258
18,51613,51631,1.6587524427204818
6,51631,51637,0.552899714765226
10,51637,51647,0.9214896572467155
12,51647,51659,1.1057678575925523
14,51659,51673,1.290034883946396
6,51673,51679,0.5528582889453209
4,51679,51683,0.3685682494842274
8,51683,51691,0.7371312420428602
22,51691,51713,2.0270820065018373
6,51713,51719,0.5528188728398024
2,51719,51721,0.18427098784607912
28,51721,51749,2.5797846384401613
18,51749,51767,1.6583502876106173
2,51767,51769,0.18425523944459185
18,51769,51787,1.6582912527286509
10,51787,51797,0.9212434135684671
6,51797,51803,0.5527362164180266
14,51803,51817,1.2897040764138965
10,51817,51827,0.9211942661895591
2,51827,51829,0.18423557824353043
10,51829,51839,0.9211746166722676
14,51839,51853,1.2896215446654842
6,51853,51859,0.55268120027738
10,51859,51869,0.9211255164407157
2,51869,51871,0.18422183143425327
22,51871,51893,2.026432948684264
6,51893,51899,0.5526419460951495
8,51899,51907,0.7368480814111626
6,51907,51913,0.5526282155958515
16,51913,51929,1.4736595531695542
12,51929,51941,1.1052132959099905
8,51941,51949,0.7367931844631973
22,51949,51971,2.026152518119514
2,51971,51973,0.1841885011328285
4,51973,51977,0.36837569674407916
14,51977,51991,1.2893058005778635
18,51991,52009,1.6576377737685433
12,52009,52021,1.10505662257099
6,52021,52027,0.552516573092649
24,52027,52051,2.2100428207942646
6,52051,52057,0.5524872416330942
10,52057,52067,0.9208022962390435
2,52067,52069,0.18415720212408876
12,52069,52081,1.1049393047294196
22,52081,52103,2.0256790773467195
18,52103,52121,1.6573093434836952
6,52121,52127,0.5524188793411899
20,52127,52147,1.8413767492515134
6,52147,52153,0.5523935153179091
10,52153,52163,0.9206461070139016
14,52163,52177,1.288881799637038
4,52177,52181,0.36824284515896333
2,52181,52183,0.18412012318857635
6,52183,52189,0.5523584206120581
12,52189,52201,1.104705148563407
22,52201,52223,2.025249908030383
14,52223,52237,1.2887454069065745
12,52237,52249,1.1046116645438007
4,52249,52253,0.36819610314380424
6,52253,52259,0.552290262902675
8,52259,52267,0.7363792344593565
22,52267,52289,2.025014362560162
2,52289,52291,0.18408508415068897
10,52291,52301,0.9204221804399134
12,52301,52313,1.1044871772878189
8,52313,52321,0.7363092373388118
40,52321,52361,3.681494373357675
2,52361,52363,0.1840617723655148
6,52363,52369,0.5521833760734574
10,52369,52379,0.9202959225514213
8,52379,52387,0.7362238013976771
4,52387,52391,0.36810672709414866
42,52391,52433,3.8650934767472354
20,52433,52453,1.840384985049551
4,52453,52457,0.36806408051742256
32,52457,52489,2.944491983349466
12,52489,52501,1.1041225365579044
10,52501,52511,0.9200827617815434
6,52511,52517,0.5520399834606883
12,52517,52529,1.1040683606853205
12,52529,52541,1.104045152922485
2,52541,52543,0.18400365857267614
10,52543,52553,0.920015070943031
8,52553,52561,0.7359991708152569
6,52561,52567,0.5519916481155127
4,52567,52571,0.3679905676884503
8,52571,52579,0.735975983439065
4,52579,52583,0.36798284047781243
26,52583,52609,2.3918717238320615
18,52609,52627,1.655835892123042
4,52627,52631,0.3679519525024415
8,52631,52639,0.7358987600204501
28,52639,52667,2.5756096500411503
6,52667,52673,0.5518893569877046
18,52673,52691,1.655650722643127
6,52691,52697,0.55186623057267
12,52697,52709,1.103720901835089
2,52709,52711,0.18394963131476272
10,52711,52721,0.9197449468082304
6,52721,52727,0.551837340085725
6,52727,52733,0.5518315643239664
14,52733,52747,1.2875935084606926
10,52747,52757,0.9196871956720171
12,52757,52769,1.103605394365237
14,52769,52783,1.2875126967902673
24,52783,52807,2.2071107788374165
6,52807,52813,0.5517546284415507
4,52813,52817,0.3678325758758899
20,52817,52837,1.8391500705314292
22,52837,52859,2.0229946478650396
2,52859,52861,0.183901564692601
18,52861,52879,1.6551083240606776
4,52879,52883,0.3677903360244271
6,52883,52889,0.5516816670595449
12,52889,52901,1.1033518244761875
2,52901,52903,0.1838881349711926
16,52903,52919,1.471099966204285
18,52919,52937,1.6549414491596417
14,52937,52951,1.2871364367709308
6,52951,52957,0.5516164909699168
6,52957,52963,0.5516107448962717
4,52963,52967,0.36773666639553765
6,52967,52973,0.5516011698193903
8,52973,52981,0.7354605677339536
18,52981,52999,1.6547633049197146
4,52999,53003,0.3677136959660345
14,53003,53017,1.2869890069272398
30,53017,53047,2.7577666325778747
4,53047,53051,0.3676830974438976
18,53051,53069,1.6545624707101267
8,53069,53077,0.7353381681471409
10,53077,53087,0.9191599750188978
2,53087,53089,0.18382881185155076
4,53089,53093,0.36765635061257046
8,53093,53101,0.7353076092036627
12,53101,53113,1.1029461397845388
4,53113,53117,0.36764107795337125
12,53117,53129,1.10291559991339
18,53129,53147,1.6543390532338422
2,53147,53149,0.18380972783279945
12,53149,53161,1.102854552828903
10,53161,53171,0.9190263928242149
2,53171,53173,0.18380210136545413
16,53173,53189,1.4704117280836884
8,53189,53197,0.7351855367549615
4,53197,53201,0.3675876879129054
30,53201,53231,2.7568886101483
2,53231,53233,0.18378305301208514
6,53233,53239,0.5513472555142781
28,53239,53267,2.5729272121292475
2,53267,53269,0.18377163619588982
10,53269,53279,0.9188550109807856
2,53279,53281,0.1837678326201096
18,53281,53299,1.6539047891046634
10,53299,53309,0.9188074779008274
14,53309,53323,1.2863082968098176
4,53323,53327,0.36750778969371906
26,53327,53353,2.3887841698719825
6,53353,53359,0.5512331988690317
18,53359,53377,1.6536825120298784
4,53377,53381,0.36747361598656236
20,53381,53401,1.8373554311450029
6,53401,53407,0.5511876612092695
4,53407,53411,0.3674546482725044
8,53411,53419,0.7349042403938115
18,53419,53437,1.653511791230938
4,53437,53441,0.3674356931664231
12,53441,53453,1.102299500312137
26,53453,53479,2.3882663280216225
24,53479,53503,2.2044550630182194
4,53503,53507,0.3673940362365202
20,53507,53527,1.8369575676463807
22,53527,53549,2.020583968373592
2,53549,53551,0.18368251928661847
18,53551,53569,1.653137003133824
22,53569,53591,2.0204384204887593
2,53591,53593,0.18366929409251662
4,53593,53597,0.3673373292548204
12,53597,53609,1.1020044346836506
2,53609,53611,0.18366362990732718
6,53611,53617,0.550989002077136
6,53617,53623,0.5509833396426825
6,53623,53629,0.5509776779582106
4,53629,53633,0.36731467801569045
6,53633,53639,0.5509682434835487
14,53639,53653,1.2855793621956269
4,53653,53657,0.36729958718608025
24,53657,53681,2.2037824369478165
12,53681,53693,1.1018459739408248
6,53693,53699,0.5509116803259828
18,53699,53717,1.6527180843760056
2,53717,53719,0.1836296920024862
12,53719,53731,1.1017743857076991
28,53731,53759,2.570754179814896
14,53759,53773,1.2853156101316203
4,53773,53777,0.3672242527013987
6,53777,53783,0.5508326174696451
8,53783,53791,0.7344359676224715
22,53791,53813,2.019671333307852
6,53813,53819,0.550798778122794
12,53819,53831,1.1015862816733684
18,53831,53849,1.6523456054871242
8,53849,53857,0.7343532874128268
4,53857,53861,0.3671716368600154
20,53861,53881,1.835845668834518
6,53881,53887,0.5507349324011687
4,53887,53891,0.3671528690228207
6,53891,53897,0.5507255513683655
2,53897,53899,0.1835733079125242
18,53899,53917,1.652154144076248
6,53917,53923,0.5507011703221223
4,53923,53927,0.3671303639352981
12,53927,53939,1.101383593403304
12,53939,53951,1.1013611021446439
8,53951,53959,0.734225744538264
28,53959,53987,2.569755136365219
6,53987,53993,0.5506355981475964
8,53993,54001,0.7341733098109211
10,54001,54011,0.9177041596463478
2,54011,54013,0.18353771314018533
24,54013,54037,2.202445073572542
12,54037,54049,1.1011776449154878
10,54049,54059,0.9176293398569083
24,54059,54083,2.2022730295176816
8,54083,54091,0.7340611120563928
10,54091,54101,0.9175639370225271
20,54101,54121,1.8350967475550861
12,54121,54133,1.1010207089986672
6,54133,54139,0.550499156557934
12,54139,54151,1.100987117377725
12,54151,54163,1.1009647303061632
4,54163,54167,0.3669807830350613
14,54167,54181,1.2844240383437604
12,54181,54193,1.1009087883048063
24,54193,54217,2.2017728435355695
34,54217,54251,3.119051501105856
18,54251,54269,1.6511675991082995
8,54269,54277,0.7338299353410593
10,54277,54287,0.917275016621327
6,54287,54293,0.5503557098817097
18,54293,54311,1.6510503924004858
8,54311,54319,0.7337778639099718
4,54319,54323,0.36688397547260876
8,54323,54331,0.733762995110737
16,54331,54347,1.4675061694744385
14,54347,54361,1.284033221047503
6,54361,54367,0.5502869521584082
4,54367,54371,0.36685425470868993
6,54371,54377,0.5502776690702584
24,54377,54401,2.201088400748687
2,54401,54403,0.18341661064147696
6,54403,54409,0.5502479767606699
4,54409,54413,0.36682827450240674
6,54413,54419,0.5502387021523573
2,54419,54421,0.18341104611850947
16,54421,54437,1.4672834237810832
6,54437,54443,0.5502164513197632
6,54443,54449,0.5502108904254959
20,54449,54469,1.8340177675214318
24,54469,54493,2.200747206379403
4,54493,54497,0.3667763852170088
2,54497,54499,0.18338695833002558
4,54499,54503,0.3667726824619771
14,54503,54517,1.2836957497931583
4,54517,54521,0.36676157709067303
18,54521,54539,1.6504159941883683
2,54539,54541,0.1833740048750981
6,54541,54547,0.5501201650151398
12,54547,54559,1.1002292333324208
4,54559,54563,0.3667356814231167
14,54563,54577,1.283566257398088
4,54577,54581,0.3667245905003753
2,54581,54583,0.1833610632193543
18,54583,54601,1.6502440251960373
16,54601,54617,1.4668392373396857
6,54617,54623,0.5500499392429258
6,54623,54629,0.5500444000285516
2,54629,54631,0.18334628717804569
16,54631,54647,1.466765374744782
20,54647,54667,1.833407501229714
6,54667,54673,0.5500038011107056
6,54673,54679,0.5499982678906901
30,54679,54709,2.7499636769459403
4,54709,54713,0.36664338910221356
8,54713,54721,0.7332818641478762
6,54721,54727,0.5499540279825091
24,54727,54751,2.1997940048915354
16,54751,54767,1.466470403605923
6,54767,54773,0.5499116744726041
6,54773,54779,0.5499061532052348
8,54779,54787,0.7332008435379995
12,54787,54799,1.0997865460615268
30,54799,54829,2.749411179903195
4,54829,54833,0.3665697705752406
18,54833,54851,1.6495529395890407
18,54851,54869,1.649503325368486
8,54869,54877,0.7330905468487656
4,54877,54881,0.3665403765299986
26,54881,54907,2.382496534597139
10,54907,54917,0.9163050517408529
2,54917,54919,0.1832579523610642
22,54919,54941,2.015830749269797
8,54941,54949,0.7330024635178405
10,54949,54959,0.9162408561412096
14,54959,54973,1.28271581204463
6,54973,54979,0.5497225194019514
4,54979,54983,0.36647801507099764
18,54983,55001,1.6491400754115362
8,55001,55009,0.7329291650145102
12,55009,55021,1.0993790985442877
28,55021,55049,2.5651666362089856
2,55049,55051,0.18321764857484138
6,55051,55057,0.5496511163732964
4,55057,55061,0.36643041919426605
12,55061,55073,1.0992839415931197
6,55073,55079,0.549630998698333
24,55079,55103,2.1985020548397904
6,55103,55109,0.549603580823979
8,55109,55117,0.7327974658247126
10,55117,55127,0.9159846530993238
20,55127,55147,1.8319388641267063
16,55147,55163,1.4655023996636107
8,55163,55171,0.7327317306972359
30,55171,55201,2.74770749488249
6,55201,55207,0.5495141387011631
6,55207,55213,0.549508668757262
4,55213,55217,0.3663354663444604
2,55217,55219,0.18316651791565522
10,55219,55229,0.9158295516321354
14,55229,55243,1.2821401093955807
6,55243,55249,0.549475863857906
10,55249,55259,0.9157839980563153
32,55259,55291,2.930460224109461
22,55291,55313,2.014584598825144
18,55313,55331,1.648236446697971
2,55331,55333,0.18313192682387575
4,55333,55337,0.36626264143089227
2,55337,55339,0.1831301085763421
4,55339,55343,0.36625900509132714
8,55343,55351,0.7325131622481728
22,55351,55373,2.014384535962608
8,55373,55381,0.7324768159485059
18,55381,55399,1.6480510369571801
12,55399,55411,1.0986680019934327
28,55411,55439,2.5635078375657314
2,55439,55441,0.18309923400791397
16,55441,55457,1.464789034369405
12,55457,55469,1.0985627551871686
18,55469,55487,1.6478114943669935
14,55487,55501,1.2815930963159787
10,55501,55511,0.9154024996784299
18,55511,55529,1.6476973256696026
12,55529,55541,1.0984322850053423
6,55541,55547,0.5492052797168121
32,55547,55579,2.929065863280371
10,55579,55589,0.915284832007299
14,55589,55603,1.2813776647536594
6,55603,55609,0.5491491995217413
10,55609,55619,0.9152396272206974
2,55619,55621,0.18304491307390072
10,55621,55631,0.9152215533837126
2,55631,55633,0.18304129907528774
6,55633,55639,0.5491220904955496
22,55639,55661,2.0134277928072666
2,55661,55663,0.18303226811216206
4,55663,55667,0.36606333250541306
6,55667,55673,0.5490913878316243
8,55673,55681,0.7321146293565131
10,55681,55691,0.9151312533429193
6,55691,55697,0.5490697287167675
14,55697,55711,1.2811500698812295
6,55711,55717,0.5490516878877844
4,55717,55721,0.36603085142207864
12,55721,55733,1.0980853406925473
30,55733,55763,2.7451592591164427
24,55763,55787,2.1960192702697907
6,55787,55793,0.5489832025479864
6,55793,55799,0.5489778005119345
8,55799,55807,0.7319631988841104
6,55807,55813,0.5489651984333118
4,55813,55817,0.3659731991248644
2,55817,55819,0.18298539974603578
4,55819,55823,0.36596959975196064
6,55823,55829,0.5489508006364345
8,55829,55837,0.7319272036282013
6,55837,55843,0.5489382065682095
6,55843,55849,0.5489328102538706
22,55849,55871,2.0127338536263975
18,55871,55889,1.6467229095583766
8,55889,55897,0.7318552817121304
4,55897,55901,0.36592284951241627
2,55901,55903,0.18296022707239148
18,55903,55921,1.646636654416501
6,55921,55927,0.5488627205208806
4,55927,55931,0.36590488919581377
2,55931,55933,0.18295124767402057
16,55933,55949,1.4636051940003965
18,55949,55967,1.6465127649241529
20,55967,55987,1.829404799136729
10,55987,55997,0.9146725068214968
6,55997,56003,0.5487945391107908
6,56003,56009,0.5487891610305232
30,56009,56039,2.7439189181590353
2,56039,56041,0.18291896895196216
12,56041,56053,1.0975102313520309
28,56053,56081,2.5608070608609994
6,56081,56087,0.5487193079498978
6,56087,56093,0.5487139393967743
6,56093,56099,0.5487085715229617
2,56099,56101,0.18290106810943346
12,56101,56113,1.0974028308286163
10,56113,56123,0.9144844725238964
8,56123,56131,0.7315756564506352
18,56131,56149,1.6460237722608912
18,56149,56167,1.64597551228859
4,56167,56171,0.3657616156918258
8,56171,56179,0.7315184678775035
18,56179,56197,1.6458951196548992
10,56197,56207,0.9143593935809939
2,56207,56209,0.18286890359253352
28,56209,56237,2.560156321001072
2,56237,56239,0.18285998197682923
10,56239,56249,0.9142969370131081
14,56249,56263,1.2799949043469139
4,56263,56267,0.3657045089247817
2,56267,56269,0.18285106598892914
30,56269,56299,2.742757076845111
12,56299,56311,1.0970493707850095
22,56311,56333,2.011217993102733
26,56333,56359,2.3768091177084822
10,56359,56369,0.9141187932459033
8,56369,56377,0.7312831745496218
6,56377,56383,0.5484552662277244
10,56383,56393,0.9140832183299604
8,56393,56401,0.7312547205873888
16,56401,56417,1.462490478232284
14,56417,56431,1.2796459916536094
6,56431,56437,0.5484072733208282
6,56437,56443,0.5484019441289377
10,56443,56453,0.9139943593452282
14,56453,56467,1.279571384527642
6,56467,56473,0.548375308217702
4,56473,56477,0.3655799886960023
2,56477,56479,0.18278881109998837
10,56479,56489,0.913941097565761
12,56489,56501,1.0967115717035827
2,56501,56503,0.18278171369285295
6,56503,56509,0.5483433672096628
10,56509,56519,0.9138967434142211
8,56519,56527,0.7311055719086604
4,56527,56531,0.3655480577158743
2,56531,56533,0.18277284694671933
10,56533,56543,0.9138612801410136
26,56543,56569,2.3760009234840567
22,56569,56591,2.010377860932405
6,56591,56597,0.5482653904172415
2,56597,56599,0.18275335968033596
12,56599,56611,1.096516617460513
18,56611,56629,1.644743065257826
4,56629,56633,0.3654878419628108
26,56633,56659,2.3756556406388705
4,56659,56663,0.3654701558572628
8,56663,56671,0.7309355970934157
10,56671,56681,0.9136577112899904
6,56681,56687,0.5481857896264324
14,56687,56701,1.279087805853588
10,56701,56711,0.9136135347700032
2,56711,56713,0.18271976308123491
18,56713,56731,1.644472569423202
6,56731,56737,0.5481416315313784
10,56737,56747,0.9135605594222047
20,56747,56767,1.8270917022055544
6,56767,56773,0.548109866194926
6,56773,56779,0.5481045742885466
4,56779,56783,0.36539952202905035
24,56783,56807,2.1923830236572055
2,56807,56809,0.1826915331026067
4,56809,56813,0.3653818911563141
8,56813,56821,0.7307590824105737
6,56821,56827,0.5480622628353172
16,56827,56843,1.4614852716695705
14,56843,56857,1.2787667298261396
16,56857,56873,1.4614148186061633
18,56873,56891,1.6440494193149504
2,56891,56893,0.1826668781162492
4,56893,56897,0.36533258323519724
12,56897,56909,1.0959907121606713
2,56909,56911,0.18266160050603217
10,56911,56921,0.9133050711338148
2,56921,56923,0.18265808319587362
6,56923,56929,0.547972491188322
12,56929,56941,1.0959344328575857
10,56941,56951,0.9132611148031369
6,56951,56957,0.5479478812674019
6,56957,56963,0.5479426095745928
20,56963,56983,1.8264577951283574
6,56983,56989,0.5479197731592738
4,56989,56993,0.36527633664482295
6,56993,56999,0.547910993203614
38,56999,57037,3.470069598662973
4,57037,57041,0.3652482553540516
6,57041,57047,0.5478688747621605
12,57047,57059,1.0957272258085435
14,57059,57073,1.278323879353948
4,57073,57077,0.36522721272045033
12,57077,57089,1.0956746268570992
8,57089,57097,0.7304357309535698
10,57097,57107,0.9130329825416448
12,57107,57119,1.0956220605903702
12,57119,57131,1.0956010432269505
8,57131,57139,0.730386687389761
4,57139,57143,0.3651886752963987
6,57143,57149,0.5477795120805171
14,57149,57163,1.278139943098073
10,57163,57173,0.9129366868435551
6,57173,57179,0.5477532648340214
12,57179,57191,1.095496034678359
2,57191,57193,0.18257917476758392
10,57193,57203,0.9128929595274703
18,57203,57221,1.6431811016089959
2,57221,57223,0.18257043436622547
18,57223,57241,1.643128666789398
10,57241,57251,0.9128230522101461
8,57251,57259,0.7302467975290036
10,57259,57269,0.9127968548366562
2,57269,57271,0.1825564609896167
12,57271,57283,1.0953352743970801
4,57283,57287,0.36510477606029745
14,57287,57301,1.2778585718055615
28,57301,57329,2.555660143362632
2,57329,57331,0.18253901373256973
16,57331,57347,1.460307460234122
2,57347,57349,0.18253378376580745
18,57349,57367,1.6427988250039793
6,57367,57373,0.5475839249036509
10,57373,57383,0.9126311639773785
6,57383,57389,0.5475699889605558
8,57389,57397,0.7300863522219893
16,57397,57413,1.4601541300776928
14,57413,57427,1.2776023667117287
30,57427,57457,2.737658443987509
10,57457,57467,0.9125093249003899
20,57467,57487,1.8249896685593574
6,57487,57493,0.5474795171888435
10,57493,57503,0.9124571726160766
24,57503,57527,2.1898624625356358
2,57527,57529,0.18248159062511599
28,57529,57557,2.554734165011635
2,57557,57559,0.1824729105442056
12,57559,57571,1.0948339923742165
16,57571,57587,1.4597508933632959
6,57587,57593,0.5473927074343616
8,57593,57601,0.7298500060245761
36,57601,57637,3.2842834097647193
4,57637,57641,0.3648995795834387
8,57641,57649,0.7297945390013545
4,57649,57653,0.36489264990377124
14,57653,57667,1.277116191363491
12,57667,57679,1.0946467757450506
10,57679,57689,0.9121883329102438
8,57689,57697,0.7297391265681406
12,57697,57709,1.0945948446944411
4,57709,57713,0.3648580270711089
6,57713,57719,0.5472835805937101
8,57719,57727,0.7297045214745498
4,57727,57731,0.36484764852066803
6,57731,57737,0.5472680140436583
14,57737,57751,1.2769465950941252
22,57751,57773,2.00658599022321
8,57773,57781,0.7296422858674338
6,57781,57787,0.5472248037205936
4,57787,57791,0.36481308096867143
2,57791,57793,0.18240538898713093
10,57793,57803,0.9120240663693374
6,57803,57809,0.547205805182604
20,57809,57829,1.8240020841565816
10,57829,57839,0.911972272308112
8,57839,57847,0.7295663134675715
6,57847,57853,0.5471678337432119
6,57853,57859,0.5471626584656525
22,57859,57881,2.006244107349833
18,57881,57899,1.6414155466761344
2,57899,57901,0.18237433413649146
16,57901,57917,1.45899007754195
6,57917,57923,0.5471074949615727
20,57923,57943,1.8236744235952103
4,57943,57947,0.3647234035813588
26,57947,57973,2.3706872014545977
4,57973,57977,0.36470619065741383
14,57977,57991,1.276463637388212
22,57991,58013,2.005827273766081
14,58013,58027,1.2763913976368726
4,58027,58031,0.364675233917975
12,58031,58043,1.0940188265437432
6,58043,58049,0.5469991021372854
8,58049,58057,0.7293252633534885
4,58057,58061,0.3646580504435763
6,58061,58067,0.5469836401603106
6,58067,58073,0.5469784874273882
26,58073,58099,2.3702177864036917
10,58099,58109,0.911585028020973
2,58109,58111,0.18231414530463405
18,58111,58129,1.6408221598310249
18,58129,58147,1.6407758380592439
4,58147,58151,0.3646065629429284
2,58151,58153,0.18230213839839116
16,58153,58169,1.4584125351737187
2,58169,58171,0.18229699571971722
18,58171,58189,1.6406678198440605
4,58189,58193,0.36458256767700575
6,58193,58199,0.5468704252223723
8,58199,58207,0.7291537150729548
4,58207,58211,0.3645722902591846
6,58211,58217,0.5468550103482566
12,58217,58229,1.0936997466183398
2,58229,58231,0.18227986703619137
6,58231,58237,0.5468378893184699
6,58237,58243,0.5468327543651871
28,58243,58271,2.551862226840914
38,58271,58309,3.4630898980058626
4,58309,58313,0.36451412244616
8,58313,58321,0.7290236876144507
16,58321,58337,1.458029148334719
26,58337,58363,2.369238143045177
4,58363,58367,0.3644833764026814
2,58367,58369,0.18224055012799104
10,58369,58379,0.9111999056294684
12,58379,58391,1.0934228187666735
2,58391,58393,0.18223372362369747
10,58393,58403,0.9111657744903887
8,58403,58411,0.7289212464614898
6,58411,58417,0.5466841122107292
10,58417,58427,0.9111316599318571
12,58427,58439,1.0933409405069718
2,58439,58441,0.18222008056119585
10,58441,58451,0.9110975619389163
2,58451,58453,0.18221667186549112
24,58453,58477,2.186593245959697
4,58477,58481,0.36441857839092695
30,58481,58511,2.73312230616763
26,58511,58537,2.368595330241912
6,58537,58543,0.5465768011947632
6,58543,58549,0.5465716979591883
18,58549,58567,1.6396997860256708
6,58567,58573,0.5465512911982671
6,58573,58579,0.5465461910526861
22,58579,58601,2.0039840022571846
2,58601,58603,0.18217413284562203
10,58603,58613,0.9108678326428815
18,58613,58631,1.6395366175742592
26,58631,58657,2.368153326346141
4,58657,58661,0.36431656919832445
18,58661,58679,1.6394143793944305
8,58679,58687,0.728608253581368
6,58687,58693,0.5464494054690278
6,58693,58699,0.5464443176487388
12,58699,58711,1.0928784608865236
16,58711,58727,1.4571441543365122
6,58727,58733,0.5464154982761634
8,58733,58741,0.7285472194026877
16,58741,58757,1.4570763658881942
6,58757,58763,0.5463900857929768
8,58763,58771,0.7285133401825554
16,58771,58787,1.4570086183538313
2,58787,58789,0.18212156288111633
42,58789,58831,3.8245409723136894
58,58831,58889,5.281165516183175
8,58889,58897,0.7283712703980751
4,58897,58901,0.3641811311141118
6,58901,58907,0.546268319014257
2,58907,58909,0.18208775101241884
4,58909,58913,0.3641743763425336
8,58913,58921,0.7283442502268982
16,58921,58937,1.4566704927891236
6,58937,58943,0.5462379322982901
20,58943,58963,1.8207762332624993
4,58963,58967,0.3641439999857142
12,58967,58979,1.09242525358045
12,58979,58991,1.0924050176956792
6,58991,58997,0.5461923933385886
12,58997,59009,1.0923746729920978
2,59009,59011,0.182059074878154
10,59011,59021,0.9102925659341957
2,59021,59023,0.18205570506776458
6,59023,59029,0.5461654305343135
22,59029,59051,2.002588048751443
2,59051,59053,0.1820472840837787
10,59053,59063,0.9102336143232932
6,59063,59069,0.5461317513180931
8,59069,59077,0.7281689356814899
6,59077,59083,0.5461199699615154
10,59083,59093,0.9101915363648547
14,59093,59107,1.274248522386848
6,59107,59113,0.5460947353064989
6,59113,59119,0.5460896901922191
4,59119,59123,0.36405643045546593
18,59123,59141,1.6382438490401228
8,59141,59149,0.7280882057683701
10,59149,59159,0.9100990536871202
8,59159,59167,0.7280680414411403
16,59167,59183,1.4561181636912126
14,59183,59197,1.274072042161729
10,59197,59207,0.910031870138738
2,59207,59209,0.18200357633416736
10,59209,59219,0.9100150843123739
2,59219,59221,0.18200021983903783
12,59221,59233,1.0919979630080645
6,59233,59239,0.5459889148319931
4,59239,59243,0.3639892549332638
20,59243,59263,1.81993509259953
10,59263,59273,0.9099395978242119
8,59273,59281,0.7279405022134527
52,59281,59333,4.731555159378009
8,59333,59341,0.7278734927062154
10,59341,59351,0.9098307051962807
6,59351,59357,0.5458900541032762
2,59357,59359,0.18196167783151446
10,59359,59369,0.9098056001526612
8,59369,59377,0.7278333254351633
10,59377,59387,0.9097805041055147
6,59387,59393,0.5458599394453563
6,59393,59399,0.5458549224334829
8,59399,59407,0.727799874694161
10,59407,59417,0.909738697336172
2,59417,59419,0.18194495345825748
22,59419,59441,2.0013883595526307
2,59441,59443,0.18193826929724732
4,59443,59447,0.36387542485563923
6,59447,59453,0.5458097962661894
14,59453,59467,1.2735444988897253
4,59467,59471,0.3638620634430022
2,59471,59473,0.18192991858027455
24,59473,59497,2.1831523445141365
12,59497,59509,1.091536111911533
4,59509,59513,0.3638386963001314
26,59513,59539,2.3649370671849166
18,59539,59557,1.637199078365518
4,59557,59561,0.36381201485024256
6,59561,59567,0.5457146888150884
14,59567,59581,1.2733226079484221
30,59581,59611,2.728490127408227
6,59611,59617,0.5456730428730524
4,59617,59621,0.36377869875632873
6,59621,59627,0.5456647186388394
2,59627,59629,0.18188657496344676
22,59629,59651,2.0007462216114376
8,59651,59659,0.7275196744448589
4,59659,59663,0.36375540106097853
6,59663,59669,0.5456297748658403
2,59669,59671,0.18187492842387193
22,59671,59693,2.0006181147528133
6,59693,59699,0.5456048328228457
8,59699,59707,0.7274664615893743
16,59707,59723,1.4549151953926964
6,59723,59729,0.5455799055903605
14,59729,59743,1.2730081511459366
4,59743,59747,0.36370886377024364
6,59747,59753,0.5455599744569639
18,59753,59771,1.6366649794561614
8,59771,59779,0.7273867370446551
12,59779,59791,1.0910668286528618
6,59791,59797,0.5455234586092453
12,59797,59809,1.0910369632723058
24,59809,59833,2.1820341178412743
30,59833,59863,2.7274431609320664
16,59863,59879,1.4545700636110046
8,59879,59887,0.7272673627947882
34,59887,59921,3.090848754122134
8,59921,59929,0.7272210081760256
22,59929,59951,1.9998335034654848
6,59951,59957,0.5453909409275808
14,59957,59971,1.2725672858446768
10,59971,59981,0.9089573426824299
18,59981,59999,1.6360984211821699
14,59999,60013,1.2724862899216511
4,60013,60017,0.3635598017627269
12,60017,60029,1.0906727981935138
8,60029,60037,0.7271019866876333
4,60037,60041,0.3635465901747536
36,60041,60077,3.2718994996520823
6,60077,60083,0.5452868770878693
6,60083,60089,0.5452819281018514
2,60089,60091,0.18175899323328093
10,60091,60101,0.9087922172704406
2,60101,60103,0.18175569488244714
4,60103,60107,0.363510290465945
20,60107,60127,1.8175404599886422
6,60127,60133,0.5452456533741934
6,60133,60139,0.5452407092510101
10,60139,60149,0.9087262761846174
12,60149,60161,1.0904550555442423
6,60161,60167,0.5452176443819015
2,60167,60169,0.18173756785345918
40,60169,60209,3.634740378328388
8,60209,60217,0.7269041788063325
6,60217,60223,0.5451715526774763
28,60223,60251,2.5441108806636015
6,60251,60257,0.5451435931342566
2,60257,60259,0.1817128870108918
12,60259,60271,1.0902740342555595
18,60271,60289,1.635381465156616
4,60289,60293,0.363408244192436
24,60293,60317,2.180436322421276
14,60317,60331,1.2718752011306864
6,60331,60337,0.5450778794550802
6,60337,60343,0.5450729550805858
10,60343,60353,0.9084467188078603
20,60353,60373,1.8168660874791882
10,60373,60383,0.9084057016338658
14,60383,60397,1.2717488484322397
16,60397,60413,1.4533966483711316
14,60413,60427,1.2716914693257322
16,60427,60443,1.4533310902066046
6,60443,60449,0.5449860530910771
8,60449,60457,0.7266415193290492
36,60457,60493,3.2698475336048216
4,60493,60497,0.3632967493815011
12,60497,60509,1.089883702955535
12,60509,60521,1.0898640704564404
6,60521,60527,0.5449222212787512
12,60527,60539,1.0898346303324666
50,60539,60589,4.540895872208374
12,60589,60601,1.0897333045921178
6,60601,60607,0.5448568536548904
4,60607,60611,0.3632346367960171
6,60611,60617,0.5448486898717789
6,60617,60623,0.5448437923658117
8,60623,60631,0.7264518605768228
6,60631,60637,0.5448323670791221
10,60637,60647,0.9080457858031883
2,60647,60649,0.1816064378083587
10,60649,60659,0.9080294700074067
2,60659,60661,0.1816031752849024
18,60661,60679,1.634423684446237
10,60679,60689,0.9079886972008512
14,60689,60703,1.2711651561814372
16,60703,60719,1.4527297537624047
8,60719,60727,0.7263474963961883
6,60727,60733,0.5447541061371736
4,60733,60737,0.3631661464551959
20,60737,60757,1.8158198745447416
4,60757,60761,0.3631531197118483
2,60761,60763,0.18157547458954248
10,60763,60773,0.9078746599400389
6,60773,60779,0.5447166578905034
14,60779,60793,1.2709941435469305
18,60793,60811,1.634101159467414
10,60811,60821,0.9078095793914213
38,60821,60859,3.4496249086174124
10,60859,60869,0.907744559511456
18,60869,60887,1.6339158383933545
2,60887,60889,0.1815413318446992
10,60889,60899,0.9077039528481095
2,60899,60901,0.18153808450929948
12,60901,60913,1.0892252601614234
4,60913,60917,0.36306859381350426
2,60917,60919,0.18153321492351163
4,60919,60923,0.36306534792673956
14,60923,60937,1.2707211447422473
6,60937,60943,0.5445834187985198
10,60943,60953,0.9076309203897761
8,60953,60961,0.7260939234008564
40,60961,61001,3.6304263729054504
6,61001,61007,0.5445315379412439
20,61007,61027,1.8150889246944626
4,61027,61031,0.3630069864734381
12,61031,61043,1.089014481846285
8,61043,61051,0.725996701422257
6,61051,61057,0.5444910507491938
34,61057,61091,3.0854217712072973
8,61091,61099,0.7259449189233276
22,61099,61121,1.996324806246096
8,61121,61129,0.7259125792660669
12,61129,61141,1.0888559377870615
10,61141,61151,0.9073637873895346
2,61151,61153,0.18147006458932108
16,61153,61169,1.4517562085923001
42,61169,61211,3.8107695927151464
12,61211,61223,1.0887235090566552
8,61223,61231,0.7258027645492636
22,61231,61253,1.9959339421257574
8,61253,61261,0.725770507234497
22,61261,61283,1.9958452481994655
8,61283,61291,0.7257382685796223
6,61291,61297,0.5442972560654089
34,61297,61331,3.084323728580356
2,61331,61333,0.18142168137359246
6,61333,61339,0.5442634341751154
4,61339,61343,0.3628390698068275
14,61343,61357,1.269929232546429
6,61357,61363,0.5442441196635902
16,61363,61379,1.4513047798141272
2,61379,61381,0.1814088075112947
22,61381,61403,1.995490984943564
6,61403,61409,0.544207125118915
8,61409,61417,0.7256030695432915
24,61417,61441,2.176783489632528
22,61441,61463,1.9953141600157598
6,61463,61469,0.5441589205407086
2,61469,61471,0.1813847010468963
12,61471,61483,1.0883049949282597
4,61483,61487,0.3627619098004438
6,61487,61493,0.5441396542730775
14,61493,61507,1.269647957886684
4,61507,61511,0.36274907055686784
8,61511,61519,0.7254938625167106
24,61519,61543,2.1764559189260004
4,61543,61547,0.36272982278460464
6,61547,61553,0.5440915274464918
6,61553,61559,0.5440867178124774
2,61559,61561,0.1813606362440958
22,61561,61583,1.9949611213715661
20,61583,61603,1.8135422598246749
6,61603,61609,0.5440466590553825
4,61609,61613,0.3626945697238612
14,61613,61627,1.2694235211306568
4,61627,61631,0.36268496299524455
6,61631,61637,0.5440242429252203
6,61637,61643,0.5440194410339788
8,61643,61651,0.7253528529265416
6,61651,61657,0.5440082387682016
10,61657,61667,0.906672397861774
6,61667,61673,0.5439954398579459
8,61673,61681,0.7253208550372653
6,61681,61687,0.5439842440290951
16,61687,61703,1.4506118579617564
14,61703,61717,1.2692555321775778
6,61717,61723,0.5439554685339268
6,61723,61729,0.5439506745458474
22,61729,61751,1.9944682307302475
6,61751,61757,0.5439283098781663
24,61757,61781,2.175694076031716
32,61781,61813,2.900823258794513
6,61813,61819,0.5438788307167174
18,61819,61837,1.6316221365667998
6,61837,61843,0.5438596932300862
18,61843,61861,1.6315647306880818
10,61861,61871,0.9064009408592547
8,61871,61879,0.7251101290733887
30,61879,61909,2.7191311186592415
18,61909,61927,1.631407000118735
6,61927,61933,0.5437880057207691
16,61933,61949,1.4500886158130497
12,61949,61961,1.0875410016503217
6,61961,61967,0.543760955795117
12,61967,61979,1.0875123681978573
2,61979,61981,0.181248880781213
6,61981,61987,0.5437450522632556
4,61987,61991,0.36249352159048726
12,61991,62003,1.0874742055407187
8,62003,62011,0.7249700871708831
6,62011,62017,0.5437212083279528
22,62017,62039,1.993626950978701
8,62039,62047,0.7249319550384075
6,62047,62053,0.5436926135855146
4,62053,62057,0.3624585664669672
14,62057,62071,1.2685975728518077
10,62071,62081,0.9061226021820841
18,62081,62099,1.6309968762865232
20,62099,62119,1.812171148828347
10,62119,62129,0.9060591380805769
2,62129,62131,0.18120918473674363
6,62131,62137,0.5436259686634969
4,62137,62141,0.362414141589997
2,62141,62143,0.18120601394467878
28,62143,62171,2.5368767976951303
18,62171,62189,1.6307828111498612
2,62189,62191,0.18119333800516382
10,62191,62201,0.9059640504591616
6,62201,62207,0.543570512477821
6,62207,62213,0.5435657625208997
6,62213,62219,0.5435610131051017
14,62219,62233,1.268297949870729
40,62233,62273,3.623634570838333
24,62273,62297,2.174054194734861
2,62297,62299,0.18116485934592808
4,62299,62303,0.36232866502686456
8,62303,62311,0.7246531156334778
12,62311,62323,1.0869670316275137
4,62323,62327,0.3623160241625251
20,62327,62347,1.8115695895540391
4,62347,62351,0.3623033890466113
32,62351,62383,2.8984102700199412
18,62383,62401,1.6302800121318783
16,62401,62417,1.449099924113371
6,62417,62423,0.5433998541204806
36,62423,62459,3.2603707414324865
8,62459,62467,0.7244890020735649
6,62467,62473,0.5433604492855068
4,62473,62477,0.3622371488058854
6,62477,62483,0.5433525727888708
14,62483,62497,1.2678116444130527
4,62497,62501,0.3622245495078471
6,62501,62507,0.5433336752706537
26,62507,62533,2.354425459664463
6,62533,62539,0.543308491907736
10,62539,62549,0.9055062862028563
14,62549,62563,1.2676904471781258
18,62563,62581,1.6298546889746255
10,62581,62591,0.905451242314513
6,62591,62597,0.5432628858345595
6,62597,62603,0.5432581708139208
14,62603,62617,1.2675913980964095
10,62617,62627,0.905404096554488
6,62627,62633,0.54323460371474
6,62633,62639,0.5432298918949207
14,62639,62653,1.2675254214190843
6,62653,62659,0.5432141896782303
24,62659,62683,2.172837920670415
4,62683,62687,0.3621270982999318
14,62687,62701,1.267437522147036
22,62701,62723,1.9916472711649307
8,62723,62731,0.7242123713389542
12,62731,62743,1.0863060151005406
10,62743,62753,0.9052393381501779
8,62753,62761,0.7241810230612368
12,62761,62773,1.0862589997645877
18,62773,62791,1.6293603015922213
10,62791,62801,0.9051766758027778
18,62801,62819,1.6292945308820583
8,62819,62827,0.7241121191096552
24,62827,62851,2.1723113187769303
10,62851,62861,0.9050984273780746
8,62861,62869,0.7240683156409224
4,62869,62873,0.3620299880209863
24,62873,62897,2.172167420137412
6,62897,62903,0.5430230979842434
18,62903,62921,1.6290552301273165
6,62921,62927,0.5430043493849905
2,62927,62929,0.18099988785159823
10,62929,62939,0.9049968362144196
30,62939,62969,2.714951467385852
2,62969,62971,0.18098895917025684
10,62971,62981,0.904942194858018
2,62981,62983,0.1809858382709864
4,62983,62987,0.3619706363787666
2,62987,62989,0.18098427808468637
40,62989,63029,3.6196751612317977
2,63029,63031,0.1809733616927511
28,63031,63059,2.5336197891040286
8,63059,63067,0.7238622781128423
6,63067,63073,0.5428904770710973
6,63073,63079,0.542885804048529
18,63079,63097,1.6286433946527294
6,63097,63103,0.5428671172066509
10,63103,63113,0.904770744679554
14,63113,63127,1.2666608826079069
4,63127,63131,0.36189584696998567
18,63131,63149,1.6285219756342906
30,63149,63179,2.71413328914865
18,63179,63197,1.6284100013234615
2,63197,63199,0.18092978187280973
12,63199,63211,1.0855755833386098
30,63211,63241,2.7138923459697275
6,63241,63247,0.5427551721462901
30,63247,63277,2.7137525715143673
4,63277,63281,0.3618181552735907
18,63281,63299,1.6281723891287545
12,63299,63311,1.0854203363438946
2,63311,63313,0.1809002876948636
4,63313,63317,0.36179954162612515
14,63317,63331,1.2662911597511186
6,63331,63337,0.5426853592330361
10,63337,63347,0.9044678486749946
6,63347,63353,0.5426729603141192
8,63353,63361,0.7235577488972389
6,63361,63367,0.5426621142933444
10,63367,63377,0.9044291114416955
12,63377,63389,1.0852994446115851
2,63389,63391,0.18088014357976212
6,63391,63397,0.5426388823468118
12,63397,63409,1.0852684750309933
10,63409,63419,0.9043749156833252
2,63419,63421,0.18087240363584303
18,63421,63439,1.6278469901398394
4,63439,63443,0.36173449214964176
20,63443,63463,1.8086621479302551
4,63463,63467,0.36172211907102025
6,63467,63473,0.5425800861426748
14,63473,63487,1.2660093783829354
6,63487,63493,0.5425646272749148
6,63493,63499,0.5425599907359423
22,63499,63521,1.9893696339525349
6,63521,63527,0.5425383603929576
6,63527,63533,0.5425337267842616
8,63533,63541,0.7233721249230879
18,63541,63559,1.6275687511201113
18,63559,63577,1.6275270687878303
10,63577,63587,0.9041585557735539
2,63587,63589,0.1808291397003034
10,63589,63599,0.9041431273336252
2,63599,63601,0.18082605458527662
6,63601,63607,0.542476621398799
4,63607,63611,0.36164799644754125
6,63611,63617,0.5424689104726187
12,63617,63629,1.084928569207895
18,63629,63647,1.6273651032358198
2,63647,63649,0.1808137209952227
10,63649,63659,0.9040660366700533
8,63659,63667,0.723242557255205
4,63667,63671,0.36161717048115216
18,63671,63689,1.6272680248642382
2,63689,63691,0.18080293811030354
6,63691,63697,0.5424072745471313
6,63697,63703,0.5424026555383343
6,63703,63709,0.5423980370432658
10,63709,63719,0.9039890317696991
8,63719,63727,0.7231809647562266
10,63727,63737,0.9039659469969206
6,63737,63743,0.5423718752698454
18,63743,63761,1.6271017805907624
12,63761,63773,1.084706836110428
8,63773,63781,0.7231255900318752
12,63781,63793,1.0846760866167773
6,63793,63799,0.542328821192516
4,63799,63803,0.36154947393512166
6,63803,63809,0.5423211376605376
14,63809,63823,1.2654052325223353
16,63823,63839,1.4461487329641818
2,63839,63841,0.18076449623820742
12,63841,63853,1.0845839064038139
4,63853,63857,0.3615218275455017
6,63857,63863,0.542279671144612
38,63863,63901,3.4344087532960197
6,63901,63907,0.542245914214329
6,63907,63913,0.5422413131230549
16,63913,63929,1.4459645667781649
20,63929,63949,1.8074148227261628
28,63949,63977,2.5303092255425605
20,63977,63997,1.807292237942968
10,63997,64007,0.903620596498116
6,64007,64013,0.5421647032756771
6,64013,64019,0.5421601111795042
14,64019,64033,1.265029545713525
4,64033,64037,0.3614298719079055
26,64037,64063,2.3492809074607632
4,64063,64067,0.36141457564266277
14,64067,64081,1.2649438787287892
10,64081,64091,0.9035135048563695
18,64091,64109,1.6263013804066784
14,64109,64123,1.2648689822582908
28,64123,64151,2.529688059282729
2,64151,64153,0.18068487767126756
4,64153,64157,0.36136873754315024
14,64157,64171,1.2647834571986822
16,64171,64187,1.4454383161368296
2,64187,64189,0.18067572034166732
28,64189,64217,2.529452964905226
6,64217,64223,0.5420042815938814
8,64223,64231,0.7226662762960014
6,64231,64237,0.5419936088443159
34,64237,64271,3.0712712020140276
8,64271,64279,0.7226175072022781
4,64279,64283,0.3613046916004246
18,64283,64301,1.6258619737075006
2,64301,64303,0.18064676208768843
16,64303,64319,1.4451700367144493
8,64319,64327,0.7225687810921022
6,64327,64333,0.5419204981858144
40,64333,64373,3.6127728869828304
8,64373,64381,0.7225140155093233
18,64381,64399,1.6256382900810549
4,64399,64403,0.36124383311821934
30,64403,64433,2.7093135510634263
6,64433,64439,0.5418399213296416
12,64439,64451,1.083670730112515
2,64451,64453,0.18060875133729815
30,64453,64483,2.7091236784960633
6,64483,64489,0.5418019676814955
10,64489,64499,0.9029956926310325
14,64499,64513,1.2641762696535435
40,64513,64553,3.611861414439583
14,64553,64567,1.2640807454433387
10,64567,64577,0.9028971395044573
2,64577,64579,0.18057690293078918
12,64579,64591,1.0834583879529693
10,64591,64601,0.9028668437402014
8,64601,64609,0.7222833795417234
4,64609,64613,0.36113765225481365
8,64613,64621,0.7222712674362203
6,64621,64627,0.5416973956308662
6,64627,64633,0.5416928550018584
28,64633,64661,2.527878802728977
2,64661,64663,0.18055571138926213
4,64663,64667,0.36111041444986486
12,64667,64679,1.083325193708988
14,64679,64693,1.263858222010337
16,64693,64709,1.4443811757467118
8,64709,64717,0.7221744660945619
30,64717,64747,2.7081240261367885
16,64747,64763,1.4442723914463627
18,64763,64781,1.624770202082706
2,64781,64783,0.18052549407029908
10,64783,64793,0.9026249550414404
18,64793,64811,1.6247022837589673
6,64811,64817,0.5415538501939243
32,64817,64849,2.8882630681310935
4,64849,64853,0.36101680047977
18,64853,64871,1.6245665584152869
6,64871,64877,0.5415086232386409
2,64877,64879,0.18050136775309034
12,64879,64891,1.0830051934182814
10,64891,64901,0.9024892642658755
18,64901,64919,1.6244580848257544
2,64919,64921,0.18049082573818936
6,64921,64927,0.541470971814956
10,64927,64937,0.9024440932409659
14,64937,64951,1.2634041713733948
18,64951,64969,1.6243451921646066
28,64969,64997,2.526696006984374
6,64997,65003,0.5414138071625709
8,65003,65011,0.7218790633661106
16,65011,65027,1.4437420945019654
2,65027,65029,0.18046375462837796
4,65029,65033,0.3609265076243405
20,65033,65053,1.8046225223430001
10,65053,65063,0.9022862271776806
8,65063,65071,0.7218189708700425
18,65071,65089,1.6240746678300146
10,65089,65099,0.9022411888756923
2,65099,65101,0.18044573669091687
10,65101,65111,0.9022261826424768
8,65111,65119,0.7217709439537383
4,65119,65123,0.36088147176553753
6,65123,65129,0.5413192078161098
12,65129,65141,1.0826294169512203
6,65141,65147,0.5413057112623111
20,65147,65167,1.8043373779643799
4,65167,65171,0.36085748267347795
2,65171,65173,0.18042774226201175
6,65173,65179,0.5412817282553753
4,65179,65183,0.3608514886593838
20,65183,65203,1.8042474547207983
10,65203,65213,0.9020987613455381
26,65213,65239,2.3454243324920605
18,65239,65257,1.6236969215225647
10,65257,65267,0.9020313982327224
2,65267,65269,0.18040378616059868
18,65269,65287,1.6236295876577287
6,65287,65293,0.5411964016239942
16,65293,65309,1.4431784416567335
14,65309,65323,1.2627532290937593
4,65323,65327,0.36077966193621797
26,65327,65353,2.3450548512176903
4,65353,65357,0.36076472155964884
14,65357,65371,1.2626695554238734
10,65371,65381,0.9018894030474589
12,65381,65393,1.0822523535307427
14,65393,65407,1.2626068477597083
6,65407,65413,0.5411067739069676
6,65413,65419,0.5411022976171217
4,65419,65423,0.36073188120792876
14,65423,65437,1.2625546224921578
10,65437,65447,0.9018073288382299
2,65447,65449,0.1803589803752276
30,65449,65479,2.7053772502580067
18,65479,65497,1.623159271176394
22,65497,65519,1.9838121614658746
2,65519,65521,0.18034109877177393
16,65521,65537,1.4427248191336062
2,65537,65539,0.18033663199483724
4,65539,65543,0.36067227155135306
8,65543,65551,0.7213405735638936
6,65551,65557,0.5409994765080207
6,65557,65563,0.5409950118221374
16,65563,65579,1.4426414603161042
2,65579,65581,0.18032621514423705
6,65581,65587,0.5409771579004854
12,65587,65599,1.0819453912501171
10,65599,65609,0.9016062875325195
8,65609,65617,0.7212751174264459
12,65617,65629,1.0819007829460145
4,65629,65633,0.3606276487880587
14,65633,65647,1.2621898353076901
4,65647,65651,0.36061873290260255
6,65651,65657,0.5409251279798646
20,65657,65677,1.8030689043981307
10,65677,65687,0.9015096987594776
12,65687,65699,1.081796790451013
2,65699,65701,0.1802964960499866
6,65701,65707,0.5408880038240563
6,65707,65713,0.5408835511663111
4,65713,65717,0.3605860659922923
2,65717,65719,0.180292043712135
10,65719,65729,0.9014577454839036
2,65729,65731,0.18028907628647461
30,65731,65761,2.7043287266654725
16,65761,65777,1.4422493302115715
12,65777,65789,1.0816632778492594
20,65789,65809,1.802742487434589
18,65809,65827,1.6224237879803634
4,65827,65831,0.3605297324379732
6,65831,65837,0.5407916368701454
2,65837,65839,0.18026239819605264
4,65839,65843,0.36052380928911804
8,65843,65851,0.721043670378622
16,65851,65867,1.4420715496572032
14,65867,65881,1.2617849774675867
18,65881,65899,1.622263897340243
22,65899,65921,1.9827181695487581
6,65921,65927,0.5407250527654944
2,65927,65929,0.18024020588014356
22,65929,65951,1.9826368443613351
6,65951,65957,0.540702881902886
6,65957,65963,0.5406984491587021
18,65963,65981,1.6220820506712275
2,65981,65983,0.18022690764664204
10,65983,65993,0.9011320768308944
36,65993,66029,3.24403117610391
8,66029,66037,0.7208603910944603
4,66037,66041,0.36042626089310714
6,66041,66047,0.5406364406655003
20,66047,66067,1.8021067168324036
4,66067,66071,0.3604115109488768
12,66071,66083,1.0812286346607032
6,66083,66089,0.5406054713155923
14,66089,66103,1.2614024477112649
4,66103,66107,0.36039382144650217
2,66107,66109,0.1801959283240492
28,66109,66137,2.5227361201105816
24,66137,66161,2.162262750785794
8,66161,66169,0.7207306911885667
4,66169,66173,0.36036142020267475
6,66173,66179,0.5405391865753545
12,66179,66191,1.081069542752201
30,66191,66221,2.7026297119734246
18,66221,66239,1.621511634609409
32,66239,66271,2.8826167751990326
22,66271,66293,1.9817128127590289
8,66293,66301,0.720601296317925
36,66301,66337,3.2426705879047413
6,66337,66343,0.5404186741872784
4,66343,66347,0.3602761812442924
12,66347,66359,1.0808226744938105
2,66359,66361,0.18013417821364275
12,66361,66373,1.0808021354451403
4,66373,66377,0.36026151153862346
6,66377,66383,0.5403893342536461
20,66383,66403,1.8012831168776504
10,66403,66413,0.9006171241395354
18,66413,66431,1.621088838443779
18,66431,66449,1.6210492752734018
8,66449,66457,0.720448766556353
6,66457,66463,0.5403307169334414
4,66463,66467,0.36021754932777905
24,66467,66491,2.161293582495255
8,66491,66499,0.7204077730439253
10,66499,66509,0.9004999602755543
14,66509,66523,1.260682874060981
6,66523,66529,0.5402824202974624
4,66529,66533,0.3601853549989053
8,66533,66541,0.720366810077844
12,66541,66553,1.0805385166018748
16,66553,66569,1.4406946292549851
2,66569,66571,0.18008293081110024
16,66571,66587,1.4406595492649181
6,66587,66593,0.5402356411676629
8,66593,66601,0.7203083444596133
16,66601,66617,1.4406011074816243
12,66617,66629,1.0804274634234832
14,66629,66643,1.260478266108307
10,66643,66653,0.9003245882210928
30,66653,66683,2.700937278643477
14,66683,66697,1.2603863343541353
4,66697,66701,0.3601035755816112
12,66701,66713,1.0803048942487654
8,66713,66721,0.7201915994911545
12,66721,66733,1.0802757379583086
6,66733,66739,0.5401291245669944
10,66739,66749,0.900207921761186
2,66749,66751,0.18003915607891177
12,66751,66763,1.0802320228545677
28,66763,66791,2.5205006010431164
6,66791,66797,0.5400868860501549
12,66797,66809,1.080165038037786
12,66809,66821,1.0801475726897167
20,66821,66841,1.8002168517384485
10,66841,66851,0.900084180433398
2,66851,66853,0.18001441218510045
10,66853,66863,0.9000696372806346
14,66863,66877,1.260080528475363
6,66877,66883,0.5400243361284565
6,66883,66889,0.5400199757228182
30,66889,66919,2.7000780788936773
4,66919,66923,0.35999588198565036
8,66923,66931,0.7199878908570935
12,66931,66943,1.0799702181721658
4,66943,66947,0.35998426469133915
2,66947,66949,0.17999116447671723
10,66949,66959,0.8999534028391493
14,66959,66973,1.2599178289546522
4,66973,66977,0.35996974998272413
26,66977,67003,2.3397907992414315
18,67003,67021,1.6197985932481846
12,67021,67033,1.0798396271977952
10,67033,67043,0.8998518589193965
6,67043,67049,0.5399038682156798
8,67049,67057,0.7198660273950956
4,67057,67061,0.35992914957860667
12,67061,67073,1.0797816531693447
6,67073,67079,0.5398821344585117
24,67079,67103,2.1595111563340583
18,67103,67121,1.6195812365059412
8,67121,67129,0.7197965123924747
10,67129,67139,0.8997359924186352
2,67139,67141,0.17994478684727347
12,67141,67153,1.0796658274250588
4,67153,67157,0.3598828225363815
12,67157,67169,1.0796426818172336
12,67169,67181,1.0796253268809386
6,67181,67187,0.5398039878013428
2,67187,67189,0.17993321688914607
22,67189,67211,1.9792600852115436
2,67211,67213,0.17992743556693014
4,67213,67217,0.3598539078000685
2,67217,67219,0.17992599061697453
12,67219,67231,1.0795530540048515
16,67231,67247,1.4393809572706942
14,67247,67261,1.2594313770450782
10,67261,67271,0.8995769948265773
2,67271,67273,0.17991299291188886
16,67273,67289,1.439300094014762
18,67289,67307,1.6191779677111067
32,67307,67339,2.8784693538006367
4,67339,67343,0.35979328586476345
6,67343,67349,0.539687045326816
20,67349,67369,1.7989424016673456
22,67369,67391,1.9787837948782392
8,67391,67399,0.7195366125828639
10,67399,67409,0.8994111632467566
2,67409,67411,0.17987983240708666
10,67411,67421,0.8993967620452414
6,67421,67427,0.539630858012607
2,67427,67429,0.17987551302953217
4,67429,67433,0.35975006636535023
14,67433,67447,1.259118514775361
6,67447,67453,0.5396121459494738
24,67453,67477,2.1584313159586803
4,67477,67481,0.3597270437866652
8,67481,67489,0.7194502522214067
4,67489,67493,0.35972129116110035
6,67493,67499,0.5395790608311365
12,67499,67511,1.0791494946848044
12,67511,67523,1.0791322434438848
8,67523,67531,0.7194099972136532
6,67531,67537,0.5395517497069551
10,67537,67547,0.8992457318028576
12,67547,67559,1.0790805114205737
8,67559,67567,0.7193755164275033
10,67567,67577,0.8992098212181073
2,67577,67579,0.17983957104068507
10,67579,67589,0.8991954622511891
12,67589,67601,1.0790201984918515
6,67601,67607,0.5395014871739782
12,67607,67619,1.0789943636287056
12,67619,67631,1.0789771448947214
20,67631,67651,1.798266549609316
28,67651,67679,2.5175062404115804
20,67679,67699,1.7981518421159064
10,67699,67709,0.8990520378259695
14,67709,67723,1.2586561390639905
10,67723,67733,0.8990233889334114
8,67733,67741,0.7192091643439082
10,67741,67751,0.8990019101235789
6,67751,67757,0.5393939882164642
2,67757,67759,0.17979656470004143
4,67759,67763,0.3595921752184689
14,67763,67777,1.2585659343422209
6,67777,67783,0.5393753836183616
6,67783,67789,0.5393710914453083
12,67789,67801,1.078733599440947
6,67801,67807,0.5393582176151119
12,67807,67819,1.0787078544688218
10,67819,67829,0.8989089130275568
14,67829,67843,1.2584557992291343
10,67843,67853,0.8988803239207469
14,67853,67867,1.2584157814399464
16,67867,67883,1.438162794789214
8,67883,67891,0.7190661615315455
10,67891,67901,0.8988231814858408
26,67901,67927,2.3369093353089356
4,67927,67931,0.35951214237185386
2,67931,67933,0.17975511983748585
6,67933,67939,0.5392639325641441
4,67939,67943,0.3595064346777053
14,67943,67957,1.2582658633205046
4,67957,67961,0.3594978753661595
6,67961,67967,0.5392439604902235
12,67967,67979,1.0784793640461294
8,67979,67987,0.7189748352337932
6,67987,67993,0.5392254236833272
30,67993,68023,2.696105735731556
18,68023,68041,1.61759931341197
12,68041,68053,1.0783739017394098
6,68053,68059,0.5391784062472648
12,68059,68071,1.078348269205157
16,68071,68087,1.4377749137222497
12,68087,68099,1.0783084122663558
12,68099,68111,1.078291336640048
2,68111,68113,0.17971237742718218
28,68113,68141,2.515966645644465
6,68141,68147,0.5391157999450636
14,68147,68161,1.2579269145504088
10,68161,68171,0.898502640903021
36,68171,68207,3.234566872111921
2,68207,68209,0.17968963592662507
4,68209,68213,0.3593783250939198
6,68213,68219,0.5390646475102528
8,68219,68227,0.7187471835768997
12,68227,68239,1.0781094172000962
22,68239,68261,1.9765027019791648
18,68261,68279,1.6170917437791372
2,68279,68281,0.1796726045668631
30,68281,68311,2.6950819766400542
18,68311,68329,1.6169853768558884
22,68329,68351,1.9762686866322983
20,68351,68371,1.7965559438028635
18,68371,68389,1.6168578577150936
10,68389,68399,0.8982331265072911
38,68399,68437,3.413241053898031
6,68437,68443,0.5389059130145382
4,68443,68447,0.35926777975276164
2,68447,68449,0.1796329469831081
24,68449,68473,2.1555897067301584
4,68473,68477,0.35925363952157924
6,68477,68483,0.5388776320643969
6,68483,68489,0.5388733916026938
2,68489,68491,0.17962305052640712
10,68491,68501,0.8981128972257233
6,68501,68507,0.5388606728466324
14,68507,68521,1.257331679653811
10,68521,68531,0.8980775758640988
8,68531,68539,0.7184526449044119
4,68539,68543,0.35922255672088216
24,68543,68567,2.1553240442978936
14,68567,68581,1.2572328326012228
16,68581,68597,1.4368111805369654
14,68597,68611,1.2571834473294172
22,68611,68633,1.9755377864942631
6,68633,68639,0.5387675222665744
20,68639,68659,1.7958776439052329
10,68659,68669,0.8979153322283281
14,68669,68683,1.2570650265497691
4,68683,68687,0.3591548620843614
12,68687,68699,1.0774589522045805
12,68699,68711,1.0774420523809045
2,68711,68713,0.17957085933982408
16,68713,68729,1.4365631204271436
8,68729,68737,0.7182665453675368
6,68737,68743,0.5386942796179492
6,68743,68749,0.5386900580693175
18,68749,68767,1.6160575108658681
4,68767,68771,0.3591154508133307
6,68771,68777,0.538670363254119
14,68777,68791,1.256887669723332
22,68791,68813,1.9750731048363834
6,68813,68819,0.5386408387591627
2,68819,68821,0.17954554090312386
42,68821,68863,3.770446522190531
16,68863,68879,1.4362819153412663
2,68879,68881,0.17953149534771357
10,68881,68891,0.8976551370555093
6,68891,68897,0.5385860639052293
2,68897,68899,0.179527284495051
4,68899,68903,0.35905363340526936
6,68903,68909,0.5385776434975527
8,68909,68917,0.7180979119231277
10,68917,68927,0.8976130364575653
20,68927,68947,1.7952026929008673
16,68947,68963,1.4361247558982617
30,68963,68993,2.692677836947865
8,68993,69001,0.7180193940327544
10,69001,69011,0.8975149025246065
8,69011,69019,0.718002583440144
10,69019,69029,0.8974938921570386
2,69029,69031,0.17949644450461577
30,69031,69061,2.692439666506695
6,69061,69067,0.5384669358538402
6,69067,69073,0.5384627376553489
36,69073,69109,3.2307512393220157
10,69109,69119,0.8973889371756326
8,69119,69127,0.7179018283705972
16,69127,69143,1.435788744839711
6,69143,69149,0.5384095976783269
2,69149,69151,0.1794684684504658
12,69151,69163,1.0768080160088618
28,69163,69191,2.512512916309787
2,69191,69193,0.1794586903570256
4,69193,69197,0.3589164498163168
6,69197,69203,0.5383718821740787
18,69203,69221,1.6151030811163658
12,69221,69233,1.0767102617380357
6,69233,69239,0.5383467577851065
8,69239,69247,0.7177900958466945
10,69247,69257,0.897228318917278
2,69257,69259,0.17944333891708933
4,69259,69263,0.35888574798265377
50,69263,69313,4.486048604682619
4,69313,69317,0.35886065395586725
20,69317,69337,1.7942939802819498
4,69337,69341,0.35884950845534974
30,69341,69371,2.691357384857242
8,69371,69379,0.7176674535653426
4,69379,69383,0.3588300147736875
6,69383,69389,0.538242238437748
12,69389,69401,1.0764761264168983
2,69401,69403,0.17940990467570286
24,69403,69427,2.152913290649683
4,69427,69431,0.3588077533158447
8,69431,69439,0.7176117980275459
18,69439,69457,1.61460985854412
6,69457,69463,0.5381907736808863
4,69463,69467,0.3587910691314863
6,69467,69473,0.5381838239441216
8,69473,69481,0.7175728728911938
10,69481,69491,0.8969568271577473
2,69491,69493,0.17938904979626738
4,69493,69497,0.3587771734327432
2,69497,69499,0.17938766060373276
40,69499,69539,3.5877439514197533
18,69539,69557,1.6144014619341103
36,69557,69593,3.228727976160249
30,69593,69623,2.6904817911189696
30,69623,69653,2.690377802890577
8,69653,69661,0.7174063646648295
16,69661,69677,1.4347979521617646
14,69677,69691,1.25542235335061
6,69691,69697,0.5380284583506817
12,69697,69709,1.0760486097484696
28,69709,69737,2.5107413295358487
2,69737,69739,0.17933220860109017
22,69739,69761,1.9726492219178828
2,69761,69763,0.17932667578212852
4,69763,69767,0.3586524296304253
12,69767,69779,1.0759517575688058
30,69779,69809,2.6898379146128413
12,69809,69821,1.0758937012534198
6,69821,69827,0.5379385606501935
2,69827,69829,0.1793114720973367
4,69829,69833,0.3586220232884047
14,69833,69847,1.255170635492132
10,69847,69857,0.8965343413286972
2,69857,69859,0.17930456693289162
18,69859,69877,1.6137369604164824
22,69877,69899,1.972299619757364
12,69899,69911,1.0757694334536987
18,69911,69929,1.6136293180068626
2,69929,69931,0.17928800879662343
10,69931,69941,0.8964377456771192
18,69941,69959,1.6135672595575368
32,69959,69991,2.8684978480957177
6,69991,69997,0.5378212995116277
4,69997,70001,0.3585447780142014
2,70001,70003,0.17927147075327277
6,70003,70009,0.5378130349486876
10,70009,70019,0.8963481721561758
20,70019,70039,1.792673393766425
12,70039,70051,1.0755765025610702
10,70051,70061,0.8962999889932477
6,70061,70067,0.5377731130996689
12,70067,70079,1.0755379709555144
20,70079,70099,1.7925357716141481
12,70099,70111,1.0754939570630933
6,70111,70117,0.5377387289808027
4,70117,70121,0.35848973655320276
2,70121,70123,0.17924395187566722
16,70123,70139,1.4339479495865348
2,70139,70141,0.17923982883418893
16,70141,70157,1.4339149663639428
6,70157,70163,0.5377071211208605
14,70163,70177,1.2546403337027279
4,70177,70181,0.3584622574632751
2,70181,70183,0.17923021325454516
16,70183,70199,1.4338380443125793
2,70199,70201,0.17922609436892592
6,70201,70207,0.537676910375543
16,70207,70223,1.4337941132227452
6,70223,70229,0.5376618133750536
8,70229,70237,0.7168769293056513
4,70237,70241,0.3584348060643643
8,70241,70249,0.7168659539088047
22,70249,70271,1.9713612550661659
18,70271,70289,1.6128866814465943
8,70289,70297,0.7168220744217076
12,70297,70309,1.0752221469138747
4,70309,70313,0.3584019008648252
8,70313,70321,0.7168001479267514
6,70321,70327,0.5375946307921661
24,70327,70351,2.150362084639689
22,70351,70373,1.9711049848028812
6,70373,70379,0.5375590277085714
2,70379,70381,0.17918497388559176
12,70381,70393,1.0751071061291408
30,70393,70423,2.687726712371387
6,70423,70429,0.5375248232172642
10,70429,70439,0.8958678676712332
12,70439,70451,1.0750277676552695
6,70451,70457,0.537505681208088
2,70457,70459,0.1791671935053665
22,70459,70481,1.9708341169376737
6,70481,70487,0.5374851818649167
2,70487,70489,0.17916036107697655
12,70489,70501,1.07495943422204
6,70501,70507,0.5374715213512654
22,70507,70529,1.9707138883234463
8,70529,70537,0.7166032057427703
12,70537,70549,1.0748938878762495
22,70549,70571,1.9706087674303838
2,70571,70573,0.17914124850467994
10,70573,70583,0.8957039688521521
6,70583,70589,0.5374155609812777
18,70589,70607,1.6122344079904525
12,70607,70619,1.0747983936737395
2,70619,70621,0.1791303390746671
6,70621,70627,0.5373896541145285
12,70627,70639,1.0747711301184117
18,70639,70657,1.612132164531708
6,70657,70663,0.5373651259248257
4,70663,70667,0.3582406928839083
20,70667,70687,1.7911943838461697
22,70687,70709,1.9702638890752149
8,70709,70717,0.7164396297603756
12,70717,70729,1.074648556673501
24,70729,70753,2.1492644548914797
16,70753,70769,1.432799438383945
14,70769,70783,1.253674123648092
10,70783,70793,0.8954656552699799
30,70793,70823,2.686362983414714
18,70823,70841,1.6117566421072627
2,70841,70843,0.17907999644442563
6,70843,70849,0.537238631259081
4,70849,70853,0.3581563715384773
14,70853,70867,1.2535409636543036
10,70867,70877,0.8953705631566151
2,70877,70879,0.1790718503039763
12,70879,70891,1.0744283873020124
10,70891,70901,0.8953434183893898
12,70901,70913,1.0743985335209842
6,70913,70919,0.5371911271218024
2,70919,70921,0.17906235263715028
16,70921,70937,1.4324952042618748
12,70937,70949,1.0743497054309328
2,70949,70951,0.17905557264887195
6,70951,70957,0.5371653623095255
12,70957,70969,1.0743225913371448
10,70969,70979,0.8952552726714124
2,70979,70981,0.17904879603991855
10,70981,70991,0.8952417219303269
6,70991,70997,0.5371382590255401
2,70997,70999,0.17904473169531987
12,70999,71011,1.0742656810588365
12,71011,71023,1.0742494282696464
16,71023,71039,1.4323109049578677
20,71039,71059,1.790352529474671
10,71059,71069,0.8951537079002824
12,71069,71081,1.0741709187463184
8,71081,71089,0.7161031232188266
30,71089,71119,2.6853596600280945
10,71119,71129,0.8950860822755299
14,71129,71143,1.2531047450291317
4,71143,71147,0.3580236203431095
6,71147,71153,0.5370327280000593
8,71153,71161,0.7160382327520249
6,71161,71167,0.537023270609467
4,71167,71171,0.3580128120757222
20,71171,71191,1.790055055578145
18,71191,71209,1.6110090364719216
24,71209,71233,2.1479634476665512
4,71233,71237,0.357983111484875
12,71237,71249,1.0739439374757185
8,71249,71257,0.7159518324549771
4,71257,71261,0.3579723193131376
2,71261,71263,0.1789852605172482
24,71263,71287,2.147817731638818
6,71287,71293,0.5369382526850702
24,71293,71317,2.1477368345295376
10,71317,71327,0.8948633940555202
2,71327,71329,0.17897043330355175
4,71329,71333,0.35793996849316134
6,71333,71339,0.5369072585315121
2,71339,71341,0.17896773918437228
6,71341,71347,0.5369018706493607
6,71347,71353,0.536897830205181
6,71353,71359,0.5368937901615769
4,71359,71363,0.35792650034564955
24,71363,71387,2.1475482305821485
2,71387,71389,0.17895696804800515
10,71389,71399,0.8947825971798383
12,71399,71411,1.0737256595881017
2,71411,71413,0.17895158568127692
6,71413,71419,0.5368534117409501
10,71419,71429,0.8947489601646775
8,71429,71437,0.7157902012223099
6,71437,71443,0.5368372715702253
10,71443,71453,0.8947220625440044
18,71453,71471,1.6104795450226275
2,71471,71473,0.17893813908942724
6,71473,71479,0.5368130732967631
4,71479,71483,0.3578726944321436
20,71483,71503,1.7893545136805447
24,71503,71527,2.1471716761713786
10,71527,71537,0.8946280046934392
12,71537,71549,1.0735401792060515
2,71549,71551,0.17892067840252923
12,71551,71563,1.0735213859263613
6,71563,71569,0.5367526404254862
24,71569,71593,2.1469944590142784
4,71593,71597,0.3578216773624896
36,71597,71633,3.2203790012639244
14,71633,71647,1.2523132976526035
16,71647,71663,1.431190179191932
8,71663,71671,0.7155807970523413
22,71671,71693,1.9678275435257426
6,71693,71699,0.5366655065023637
8,71699,71707,0.7155486525790978
4,71707,71711,0.3577707559733469
2,71711,71713,0.1788844854956664
6,71713,71719,0.5366521178165118
22,71719,71741,1.9677097075867367
20,71741,71761,1.788777936832366
16,71761,71777,1.4309866744591646
12,71777,71789,1.0732186071690122
18,71789,71807,1.6098038427786219
2,71807,71809,0.17886308330082928
12,71809,71821,1.073175826683077
16,71821,71837,1.4308797197261094
6,71837,71843,0.5365692060947405
6,71843,71849,0.536565198517308
12,71849,71861,1.073122382668825
6,71861,71867,0.5365531781519435
12,71867,71879,1.0730983443044515
2,71879,71881,0.17884705377848753
6,71881,71887,0.5365398263526137
12,71887,71899,1.0730716433335519
10,71899,71909,0.8942130224617529
8,71909,71917,0.715361521585482
16,71917,71933,1.4307088110567
8,71933,71941,0.7153401762131295
6,71941,71947,0.5364997972159397
16,71947,71963,1.430655457245168
8,71963,71971,0.7153135063006376
12,71971,71983,1.0729595948061794
4,71983,71987,0.35764786681963645
6,71987,71993,0.5364691348541438
6,71993,71999,0.5364651371185117
20,71999,72019,1.7882037992520556
12,72019,72031,1.0728956362696254
12,72031,72043,1.0728796544868804
4,72043,72047,0.35762122528079965
6,72047,72053,0.5364291751623829
20,72053,72073,1.7880839378363147
4,72073,72077,0.3576079143178598
12,72077,72089,1.0728184200488589
2,72089,72091,0.17880040890396287
10,72091,72101,0.8939998271868322
2,72101,72103,0.17879774832190434
6,72103,72109,0.5363919148269292
30,72109,72139,2.681939623357583
22,72139,72161,1.9666825924655273
6,72161,72167,0.5363533597103232
2,72167,72169,0.17878312444500133
4,72169,72173,0.3575653630866992
38,72173,72211,3.396854119885543
10,72211,72221,0.8938669197472698
2,72221,72223,0.17877117117615754
4,72223,72227,0.3575414573296755
2,72227,72229,0.17876984368553067
22,72229,72251,1.9664634133929577
2,72251,72253,0.1787645350226295
16,72253,72269,1.430112741823076
2,72269,72271,0.17876055488937787
6,72271,72277,0.5362803381734493
10,72277,72287,0.8937939315816794
20,72287,72307,1.7875657592449492
6,72307,72313,0.5362564686658086
24,72313,72337,2.1450099671058993
4,72337,72341,0.3574910587385346
12,72341,72353,1.072467876202103
14,72353,72367,1.2511939746063379
12,72367,72379,1.0724334345322954
4,72379,72383,0.35747251443205785
38,72383,72421,3.395972115207349
10,72421,72431,0.8936349570136766
30,72431,72461,2.680871792854285
6,72461,72467,0.5361545181166598
2,72467,72469,0.17871685039589802
12,72469,72481,1.0722984579281412
12,72481,72493,1.0722825930509612
4,72493,72497,0.3574222437564959
6,72497,72503,0.5361307223483684
30,72503,72533,2.6806337887055625
14,72533,72547,1.2509161945093767
4,72547,72551,0.35739846384403967
8,72551,72559,0.7147934063981171
18,72559,72577,1.6082693201354517
36,72577,72613,3.216467356154011
4,72613,72617,0.35736942782392467
6,72617,72623,0.5360515035974972
20,72623,72643,1.78682515570351
4,72643,72647,0.35735623991463306
2,72647,72649,0.17867724100588123
12,72649,72661,1.0720608093093265
10,72661,72671,0.8933708256250555
2,72671,72673,0.17867196849489161
6,72673,72679,0.5360145876348631
10,72679,72689,0.8933510572365021
12,72689,72701,1.0720080927501094
6,72701,72707,0.5359961422247906
12,72707,72719,1.0719843814525891
8,72719,72727,0.7146457185096359
6,72727,72733,0.5359790218399769
6,72733,72739,0.5359750720064145
24,72739,72763,2.1438844902275296
4,72763,72767,0.3573035523984449
30,72767,72797,2.6797634843404596
20,72797,72817,1.786443214432381
6,72817,72823,0.5359198146281424
36,72823,72859,3.215495223286501
10,72859,72869,0.893153690176296
2,72869,72871,0.17862854843892273
12,72871,72883,1.0717686633729269
6,72883,72889,0.5358764507969003
4,72889,72893,0.3572483406170684
8,72893,72901,0.7144931794094562
6,72901,72907,0.5358646323296306
4,72907,72911,0.3572404624032121
12,72911,72923,1.0717161360010328
8,72923,72931,0.7144669229415159
6,72931,72937,0.5358449425251184
12,72937,72949,1.0716820114194727
4,72949,72953,0.35722208881596135
6,72953,72959,0.5358305094011862
14,72959,72973,1.250262005964905
4,72973,72977,0.3572115952202038
20,72977,72997,1.7860492334152231
12,72997,73009,1.0716033170738786
4,73009,73013,0.3571958624509889
6,73013,73019,0.535791172394896
18,73019,73037,1.6073617223695493
2,73037,73039,0.17859181608629326
4,73039,73043,0.35718275879273537
18,73043,73061,1.607314554529153
2,73061,73063,0.1785865767371405
16,73063,73079,1.4286891217302045
12,73079,73091,1.0714958913376138
30,73091,73121,2.678700456037279
6,73121,73127,0.5357204617014617
6,73127,73133,0.5357165369392677
8,73133,73141,0.714283483408777
40,73141,73181,3.5713825375771022
8,73181,73189,0.7142416415323185
48,73189,73237,4.285408026185558
6,73237,73243,0.535644650153323
16,73243,73259,1.4283752872432671
18,73259,73277,1.606890864198165
14,73277,73291,1.2497765957778457
12,73291,73303,1.0712188136573515
6,73303,73309,0.5356015791346436
18,73309,73327,1.6067929975617992
4,73327,73331,0.35705728551747357
20,73331,73351,1.785277734622484
10,73351,73361,0.8926171390894583
2,73361,73363,0.1785212555193392
6,73363,73369,0.5355624633045163
10,73369,73379,0.8925975896587127
8,73379,73387,0.7140693850448631
30,73387,73417,2.6777341376385686
4,73417,73421,0.3570181941859875
12,73421,73433,1.0710493743133176
20,73433,73453,1.785056252642577
6,73453,73459,0.5355038601953729
12,73459,73471,1.0709999126611143
6,73471,73477,0.535492149728136
6,73477,73483,0.5354882469903962
34,73483,73517,3.0344112862265455
6,73517,73523,0.5354622383331348
6,73523,73529,0.5354583384729523
18,73529,73547,1.6063633169634377
6,73547,73553,0.5354427427819783
8,73553,73561,0.7139184597284514
10,73561,73571,0.892389413441698
12,73571,73583,1.0708543061747913
6,73583,73589,0.5354193604874112
8,73589,73597,0.7138872863320151
10,73597,73607,0.8923504516889779
2,73607,73609,0.17846792659312624
4,73609,73613,0.3569349877715258
24,73613,73637,2.1415995421512024
6,73637,73643,0.5353843123112025
8,73643,73651,0.7138405599188637
22,73651,73673,1.9630425125338422
6,73673,73679,0.5353609636831052
2,73679,73681,0.17845235785075866
12,73681,73693,1.0707115538499188
6,73693,73699,0.5353479980319649
10,73699,73709,0.8922401819087068
12,73709,73721,1.0706752569927231
6,73721,73727,0.5353298530852607
24,73727,73751,2.141303863756004
6,73751,73757,0.5353104210810142
14,73757,73771,1.2490485835285459
12,73771,73783,1.0705949431714439
36,73783,73819,3.2117382232453298
4,73819,73823,0.3568442731128285
24,73823,73847,2.1410552890025087
2,73847,73849,0.17841610040251346
10,73849,73859,0.8920783467593458
8,73859,73867,0.7136540572199107
10,73867,73877,0.892058952575057
6,73877,73883,0.5352289082607042
14,73883,73897,1.2488584051648728
10,73897,73907,0.8920266413072685
32,73907,73939,2.8544507978225946
4,73939,73943,0.3567925725967635
8,73943,73951,0.7135817018988564
10,73951,73961,0.891968519959948
12,73961,73973,1.0703493146829737
26,73973,73999,2.319056623595617
18,73999,74017,1.6054504173181374
4,74017,74021,0.3567590202552794
6,74021,74027,0.5351359511184374
20,74027,74047,1.7837736084321794
4,74047,74051,0.3567461266011487
20,74051,74071,1.783722039561825
6,74071,74077,0.5351037241636549
16,74077,74093,1.4269329564047217
6,74093,74099,0.53508955242352
2,74099,74101,0.17836189608800987
30,74101,74131,2.675422001463994
12,74131,74143,1.0701301712768956
6,74143,74149,0.5350573623554977
10,74149,74159,0.891755835443932
2,74159,74161,0.17834902231194855
6,74161,74167,0.5350457801924288
10,74167,74177,0.8917365336791773
12,74177,74189,1.0700709754338356
8,74189,74197,0.7133703601025402
4,74197,74201,0.35668175053380796
2,74201,74203,0.178340017969234
6,74203,74209,0.5350187680224603
10,74209,74219,0.8916915176862648
12,74219,74231,1.0700169648210498
26,74231,74257,2.3183366696362837
22,74257,74279,1.9616082366838754
8,74279,74287,0.7132932461638493
6,74287,74293,0.5349647976901096
4,74293,74297,0.3566406302788545
14,74297,74311,1.2482362140283467
6,74311,74317,0.5349493908019893
6,74317,74323,0.5349455399960727
30,74323,74353,2.6747084477823586
4,74353,74357,0.35661496190062314
6,74357,74363,0.5349198773149019
14,74363,74377,1.2481374017367501
4,74377,74381,0.35660470138238726
2,74381,74383,0.1783014958376504
28,74383,74411,2.496214958036683
2,74411,74413,0.1782950861621986
6,74413,74419,0.5348839768763078
22,74419,74441,1.9612271517261675
8,74441,74449,0.7131547181237287
4,74449,74453,0.3565739432194274
18,74453,74471,1.6045750595717567
18,74471,74489,1.6045404834704649
18,74489,74507,1.604505917214924
2,74507,74509,0.17827459564443562
12,74509,74521,1.0696450145369785
6,74521,74527,0.5348148301294169
4,74527,74531,0.3565406614040632
20,74531,74551,1.7826947787537935
10,74551,74561,0.8913260727545602
6,74561,74567,0.5347892501820183
6,74567,74573,0.5347854145845312
14,74573,74587,1.2478236851515712
10,74587,74597,0.8912877198090423
12,74597,74609,1.069532484100505
2,74609,74611,0.17825285852671702
12,74611,74623,1.06951459595277
30,74623,74653,2.6737481660053874
34,74653,74687,3.0301393731501918
12,74687,74699,1.0694175578235026
8,74699,74707,0.7129348310994738
6,74707,74713,0.5346960204048115
4,74713,74717,0.35646146242497856
2,74717,74719,0.17822988088679828
10,74719,74729,0.8911472787203302
2,74729,74731,0.17822733023150558
16,74731,74747,1.4258152413536653
12,74747,74759,1.0693410309196374
2,74759,74761,0.1782209557040078
10,74761,74771,0.8911026542133689
8,74771,74779,0.7128736269474272
18,74779,74797,1.6039503692386219
24,74797,74821,2.1385546275336917
6,74821,74827,0.5346233736781992
4,74827,74831,0.3564130358529166
12,74831,74843,1.0692340147612873
14,74843,74857,1.247421861341998
4,74857,74861,0.356400306464648
8,74861,74869,0.7127972193340372
4,74869,74873,0.3563952163921977
14,74873,74887,1.2473773197024338
4,74887,74891,0.35638758308552787
6,74891,74897,0.5345788306330794
6,74897,74903,0.5345750149404134
20,74903,74923,1.7819039986929146
6,74923,74929,0.53455848443285
4,74929,74933,0.35636978044008727
8,74933,74941,0.7127361711264962
18,74941,74959,1.603641132581999
52,74959,75011,4.6326419289984
2,75011,75013,0.17816752837729807
4,75013,75017,0.35633421039420654
12,75017,75029,1.0689975532595488
8,75029,75037,0.712654880936092
4,75037,75041,0.3563240561427752
38,75041,75079,3.385062459325712
4,75079,75083,0.3563062954066634
26,75083,75109,2.3159799293702927
24,75109,75133,2.1377616979905034
16,75133,75149,1.4251339094676279
12,75149,75161,1.0688301605297943
6,75161,75167,0.5344074800941307
2,75167,75169,0.17813456018160653
12,75169,75181,1.0688048282155702
12,75181,75193,1.0687896326382889
16,75193,75209,1.4250325865576334
2,75209,75211,0.1781256979001623
6,75211,75217,0.5343758280966133
6,75217,75223,0.5343720315228769
4,75223,75227,0.3562454902039455
12,75227,75239,1.0687314093855829
14,75239,75253,1.2468355988770905
16,75253,75269,1.4249313588549544
8,75269,75277,0.7124521904295679
12,75277,75289,1.068668170796002
18,75289,75307,1.6029795013466248
16,75307,75323,1.4248403351873553
6,75323,75329,0.5343050174918051
8,75329,75337,0.712401636756867
10,75337,75347,0.890493624814356
6,75347,75353,0.5342898599286342
14,75353,75367,1.2466674999953338
10,75367,75377,0.8904620549505085
12,75377,75389,1.0685418419427626
2,75389,75391,0.17808778262491812
10,75391,75401,0.8904368097167511
2,75401,75403,0.1780852587327041
4,75403,75407,0.3561696762600164
24,75407,75431,2.137007963568523
6,75431,75437,0.5342368532156913
42,75437,75479,3.739631487782007
24,75479,75503,2.1368263795115645
8,75503,75511,0.7122552989448361
10,75511,75521,0.8903107254062829
6,75521,75527,0.5341801374220321
6,75527,75533,0.5341763592005248
6,75533,75539,0.5341725813325937
2,75539,75541,0.17805626793939247
12,75541,75553,1.068335089450507
4,75553,75557,0.35610666066153757
14,75557,75571,1.246367437922603
6,75571,75577,0.5341486630425543
6,75577,75583,0.5341448877656361
28,75583,75611,2.4926585265949806
6,75611,75617,0.5341235011969446
2,75617,75619,0.1780399094242085
10,75619,75629,0.8901974511825942
12,75629,75641,1.0682243669637794
12,75641,75653,1.068209280202564
6,75653,75659,0.5340970981303123
20,75659,75679,1.7803110922442948
4,75679,75683,0.3560538413511455
6,75683,75689,0.534078249366839
14,75689,75703,1.2461737882307753
4,75703,75707,0.3560437922757475
2,75707,75709,0.17802105889736217
12,75709,75721,1.068123841779886
10,75721,75731,0.8900906448294568
12,75731,75743,1.0680962192902381
24,75743,75767,2.136162312923334
6,75767,75773,0.534025519618218
8,75773,75781,0.71202900779071
6,75781,75787,0.53401673802221
6,75787,75793,0.5340129750660826
4,75793,75797,0.35600614164058575
24,75797,75821,2.136026817009347
12,75821,75833,1.0679833165495847
20,75833,75853,1.779947124632451
16,75853,75869,1.423924281856642
14,75869,75883,1.245910360668377
30,75883,75913,2.6697640772613394
18,75913,75931,1.601802101871229
6,75931,75937,0.533922769256225
4,75937,75941,0.35594601003663673
26,75941,75967,2.3136382206089827
12,75967,75979,1.0678004985769756
4,75979,75983,0.3559284969507005
6,75983,75989,0.5338902444488026
2,75989,75991,0.17796216442457016
6,75991,75997,0.5338852429595455
4,75997,76001,0.3559209948330776
2,76001,76003,0.17795966399003765
28,76003,76031,2.491429462146283
8,76031,76039,0.7118136597511899
40,76039,76079,3.5590349802879175
2,76079,76081,0.17794342249314574
10,76081,76091,0.8897150315122883
8,76091,76099,0.71176370216925
4,76099,76103,0.35587852233221273
20,76103,76123,1.779384290552903
6,76123,76129,0.5338028078215282
18,76129,76147,1.6013971943139762
10,76147,76157,0.8896463961755745
2,76157,76159,0.17792720059905778
4,76159,76163,0.35585356982085375
44,76163,76207,3.9143709785782725
6,76207,76213,0.5337504367173537
18,76213,76231,1.6012400955791606
12,76231,76243,1.0674709720661653
6,76243,76249,0.5337280127699454
4,76249,76253,0.35581618443861157
6,76253,76259,0.533721786108947
2,76259,76261,0.17790601685800678
22,76261,76283,1.9569616200663593
6,76283,76289,0.5337031118955282
14,76289,76303,1.2452985488787918
30,76303,76333,2.6684533361256695
10,76333,76343,0.8894533457030851
24,76343,76367,2.1346631576277457
2,76367,76369,0.1778836233615168
10,76369,76379,0.8894160450949715
8,76379,76387,0.7115245499923344
16,76387,76403,1.4230358440908244
18,76403,76421,1.600885504359186
2,76421,76423,0.17787244059742838
18,76423,76441,1.6008482393976429
22,76441,76463,1.9565513131416632
8,76463,76471,0.7114549972993379
10,76471,76481,0.8893104724094087
6,76481,76487,0.5335800786447603
6,76487,76493,0.5335763562228908
14,76493,76507,1.2450028130048723
4,76507,76511,0.35570930042237037
8,76511,76519,0.7114152932987483
18,76519,76537,1.6006695273399145
4,76537,76541,0.355696899606565
2,76541,76543,0.17784762329851728
18,76543,76561,1.6006248905869114
18,76561,76579,1.6005914238390218
18,76579,76597,1.6005579663574219
6,76597,76603,0.5335081727124465
4,76603,76607,0.35566963795287476
24,76607,76631,2.1340079197239796
18,76631,76649,1.600461363418291
2,76649,76651,0.17782532688077018
16,76651,76667,1.4225993146653635
6,76667,76673,0.5334648432261889
6,76673,76679,0.5334611314385406
18,76679,76697,1.6003722599789716
20,76697,76717,1.7781542923611475
16,76717,76733,1.422490458964468
20,76733,76753,1.778080107892644
4,76753,76757,0.3556077824019566
14,76757,76771,1.244621472045286
6,76771,76777,0.5334005539571405
4,76777,76781,0.3555978987272697
20,76781,76801,1.777981259009695
18,76801,76819,1.6001460841086435
10,76819,76829,0.8889515276238813
2,76829,76831,0.17778824828829898
6,76831,76837,0.5333635106365452
10,76837,76847,0.8889330136308675
24,76847,76871,2.1334145526871398
2,76871,76873,0.17777961133767015
10,76873,76883,0.8888960009647378
24,76883,76907,2.133325735899516
6,76907,76913,0.533316637978801
6,76913,76919,0.5333129398294809
24,76919,76943,2.133236968079698
6,76943,76949,0.5332944541781733
12,76949,76961,1.0665815161331285
2,76961,76963,0.17776112228717794
28,76963,76991,2.488649963921292
12,76991,77003,1.0665297895713683
14,77003,77017,1.2442675194339097
6,77017,77023,0.5332488925090735
6,77023,77029,0.5332452005795385
12,77029,77041,1.0664830179774096
6,77041,77047,0.5332341268229098
22,77047,77069,1.9551782662420547
12,77069,77081,1.0664338140691587
12,77081,77093,1.0664190587613867
8,77093,77101,0.7109362041058396
36,77101,77137,3.1991834177782312
4,77137,77141,0.3554500788038572
12,77141,77153,1.0663453227812536
14,77153,77167,1.2440523476389411
4,77167,77171,0.35543779716553886
20,77171,77191,1.7771808001931921
10,77191,77201,0.8885699397573233
12,77201,77213,1.066271654314558
24,77213,77237,2.132513857425428
2,77237,77239,0.1777045809321956
4,77239,77243,0.3554083441620832
6,77243,77249,0.5331100632484086
12,77249,77261,1.066212768073643
2,77261,77263,0.1776996755410639
4,77263,77267,0.3553985336789525
2,77267,77269,0.1776984494736781
10,77269,77279,0.8884902040473308
12,77279,77291,1.0661759860514977
26,77291,77317,2.3100161022269665
6,77317,77323,0.5330647098117003
16,77323,77339,1.4214960926578626
8,77339,77347,0.7107349816200448
4,77347,77351,0.35536422522960387
8,77351,77359,0.7107251851771118
10,77359,77369,0.8883983190118157
8,77369,77377,0.7107104938681448
6,77377,77383,0.533027974267119
34,77383,77417,3.0204710478277335
2,77417,77419,0.17766783417873716
12,77419,77431,1.0660045586811293
16,77431,77447,1.4213198425282194
24,77447,77471,2.1319406340316527
6,77471,77477,0.5329704893093438
2,77477,77479,0.17765560761530147
10,77479,77489,0.888276001276219
2,77489,77491,0.17765316364069073
18,77491,77509,1.5988748071943002
4,77509,77513,0.35529818267996216
8,77513,77521,0.7105931081133401
6,77521,77527,0.5329399456604819
16,77527,77543,1.4211634186178868
6,77543,77549,0.5329265138038664
2,77549,77551,0.17764095044969944
6,77551,77557,0.532921630604998
6,77557,77563,0.5329179685951346
6,77563,77569,0.5329143069188838
4,77569,77573,0.35527376371745917
14,77573,77587,1.2434524780214593
4,77587,77591,0.35526644236591615
20,77591,77611,1.7763240783527223
6,77611,77617,0.5328850255121433
4,77617,77621,0.3552542445572413
20,77621,77641,1.7762630930112366
6,77641,77647,0.5328667354606493
12,77647,77659,1.065726156898085
22,77659,77681,1.9538044732215896
6,77681,77687,0.532842361667192
2,77687,77689,0.17761290229098675
10,77689,77699,0.8880624811368061
12,77699,77711,1.0656627965632242
2,77711,77713,0.17760803033979208
6,77713,77719,0.5328228732715246
4,77719,77723,0.35521281349959505
8,77723,77731,0.710422380114404
12,77731,77743,1.0656238304026893
4,77743,77747,0.355203074320807
14,77747,77761,1.2432050801399757
12,77761,77773,1.0655873167797305
10,77773,77783,0.8879772633125854
14,77783,77797,1.243153975775026
4,77797,77801,0.35518117410766936
12,77801,77813,1.0655386577454222
26,77813,77839,2.30863547585579
10,77839,77849,0.8879103824519863
14,77849,77863,1.2430603567395189
4,77863,77867,0.3551544314776283
26,77867,77893,2.3084932752060494
6,77893,77899,0.5327134268393858
30,77899,77929,2.6635489187780017
4,77929,77933,0.35512771552782324
18,77933,77951,1.598067437560869
18,77951,77969,1.5980346725922292
8,77969,77977,0.7102230740140777
6,77977,77983,0.5326624537135821
16,77983,77999,1.420423507334649
8,77999,78007,0.7101988190581899
10,78007,78017,0.8877404411565131
14,78017,78031,1.2428224748747505
10,78031,78041,0.8877161990131477
8,78041,78049,0.7101648805690024
10,78049,78059,0.8876980231667446
20,78059,78079,1.775375855214018
22,78079,78101,1.9528690303222753
20,78101,78121,1.7752910857607418
16,78121,78137,1.4202005905752533
2,78137,78139,0.17752184689422706
18,78139,78157,1.5976929922467846
6,78157,78163,0.5325534429858682
4,78163,78167,0.3550332095917614
6,78167,78173,0.5325473955043679
6,78173,78179,0.5325437674527306
12,78179,78191,1.0650802794579461
2,78191,78193,0.1775109617549589
10,78193,78203,0.8875527938583062
26,78203,78229,2.307611072483765
4,78229,78233,0.3550066142941055
8,78233,78241,0.7100100066142031
18,78241,78259,1.5975080173081886
18,78259,78277,1.5974754041481012
6,78277,78283,0.5324809332731558
18,78283,78301,1.5974319336716993
6,78301,78307,0.5324664470371393
4,78307,78311,0.35497521753002587
6,78311,78317,0.5324604126484485
24,78317,78341,2.1298271698029483
6,78341,78347,0.5324423149249478
20,78347,78367,1.774795654531635
34,78367,78401,3.017084275374755
26,78401,78427,2.307093290435709
10,78427,78437,0.8873174666284336
2,78437,78439,0.17746148566712772
28,78439,78467,2.4844551784021425
12,78467,78479,1.0647327869955796
8,78479,78487,0.7098122271641252
10,78487,78497,0.8872572594651147
12,78497,78509,1.0646966762481085
2,78509,78511,0.17744703941646517
6,78511,78517,0.5323399150632804
22,78517,78539,1.951899787645343
2,78539,78541,0.17744102474867654
12,78541,78553,1.0646437432020568
16,78553,78569,1.4195057506351247
2,78569,78571,0.17743501278540078
6,78571,78577,0.5323038362518623
6,78577,78583,0.5323002301550022
10,78583,78593,0.887161040637233
14,78593,78607,1.2420114361235657
16,78607,78623,1.4194192120868903
20,78623,78643,1.7742419805965879
6,78643,78649,0.5322605844746705
4,78649,78653,0.35483798817640505
38,78653,78691,3.370945679482902
6,78691,78697,0.532231775850482
10,78697,78707,0.8870469603788155
6,78707,78713,0.5322221775733098
8,78713,78721,0.7096247717488521
16,78721,78737,1.4192367492403632
42,78737,78779,3.725429308958952
2,78779,78781,0.17739300457918258
6,78781,78787,0.5321778154052089
4,78787,78791,0.35478281374872817
6,78791,78797,0.5321718242807442
6,78797,78803,0.5321682300357771
6,78803,78809,0.532164636113028
14,78809,78823,1.2417090991957012
16,78823,78839,1.4190737565252585
14,78839,78853,1.2416671851269108
4,78853,78857,0.354756466186862
20,78857,78877,1.7737743509974553
10,78877,78887,0.8868672292302962
2,78887,78889,0.17737145166578877
4,78889,78893,0.35474210573089987
8,78893,78901,0.7094810212019287
18,78901,78919,1.5963179428203107
10,78919,78929,0.8868253614421053
12,78929,78941,1.0641784761452164
36,78941,78977,3.1924923881912544
2,78977,78979,0.1773535174256664
10,78979,78989,0.8867655958016644
42,78989,79031,3.7243736882469527
8,79031,79039,0.7093710737098111
4,79039,79043,0.35468235343740573
20,79043,79063,1.7734038093545517
24,79063,79087,2.128036832763344
16,79087,79103,1.4186530435816815
8,79103,79111,0.709313799492542
22,79111,79133,1.9505954585684993
6,79133,79139,0.5319674650102626
8,79139,79147,0.7092851853951083
4,79147,79151,0.3546394143939392
2,79151,79153,0.1773189126919806
6,79153,79159,0.5319555463716377
22,79159,79181,1.950490562061867
6,79181,79187,0.5319388662327565
6,79187,79193,0.5319352928207451
8,79193,79201,0.7092422929699806
28,79201,79229,2.4823257951281255
2,79229,79231,0.17730342928625092
10,79231,79241,0.886515162559256
18,79241,79259,1.595709439350377
14,79259,79273,1.241082352356289
6,79273,79279,0.5318841089167058
4,79279,79283,0.35458702692427607
18,79283,79301,1.595634484628572
8,79301,79309,0.7091566113268185
10,79309,79319,0.886437837505052
14,79319,79333,1.2409991027165892
4,79333,79337,0.35456562527657043
12,79337,79349,1.0636921219548465
8,79349,79357,0.709118574682069
10,79357,79367,0.8863902973436161
12,79367,79379,1.063656476885144
14,79379,79393,1.2409159271814458
4,79393,79397,0.3545418657732164
2,79397,79399,0.17727014127899252
12,79399,79411,1.063618472956746
12,79411,79423,1.0636042261321759
4,79423,79427,0.35452999394729634
6,79427,79433,0.5317926171540779
18,79433,79451,1.5953671703029333
30,79451,79481,2.65889188753847
12,79481,79493,1.0635211701382696
38,79493,79531,3.3677719786128937
6,79531,79537,0.5317309485668972
12,79537,79549,1.0634547873213485
10,79549,79559,0.8862004746587285
2,79559,79561,0.17723812056833493
18,79561,79579,1.595139531576394
10,79579,79589,0.8861708635890523
12,79589,79601,1.0633931953832156
8,79601,79609,0.7089193257243489
4,79609,79613,0.35445650626312125
8,79613,79621,0.7089098562072547
6,79621,79627,0.5316776580969803
4,79627,79631,0.354449405280395
2,79631,79633,0.17722391377042832
24,79633,79657,2.1266822322364423
12,79657,79669,1.0633127235224082
18,79669,79687,1.5949477965010082
4,79687,79691,0.3544257489786485
2,79691,79693,0.17721208631873064
4,79693,79697,0.35442338450179633
2,79697,79699,0.1772109041501587
58,79699,79757,5.139104793400262
12,79757,79769,1.0631945293425875
8,79769,79777,0.7087869051766742
24,79777,79801,2.126341822881617
10,79801,79811,0.8859521492979805
2,79811,79813,0.17718846283331133
4,79813,79817,0.35437613892574
6,79817,79823,0.5315618482703938
6,79823,79829,0.5315583083541199
12,79829,79841,1.0631095375021213
2,79841,79843,0.17718256349479328
4,79843,79847,0.3543643405966821
14,79847,79861,1.2402696875815291
6,79861,79867,0.5315358961557975
6,79867,79873,0.5315323585352343
16,79873,79889,1.417410189940021
12,79889,79901,1.0630387798718743
2,79901,79903,0.17717077264211237
4,79903,79907,0.3543407595864179
32,79907,79939,2.8347135060820303
4,79939,79943,0.3543266209833562
24,79943,79967,2.1259503029408626
6,79967,79973,0.5314734442095049
6,79973,79979,0.5314699121081566
8,79979,79987,0.7086218404249837
10,79987,79997,0.8857694529188564
2,79997,79999,0.17715192894051462
22,79999,80021,1.9486669031115205
18,80021,80039,1.5943249995675601
12,80039,80051,1.062862159138773
20,80051,80071,1.771413410525155
6,80071,80077,0.5314122652377348
30,80077,80107,2.657043692679567
4,80107,80111,0.3542607397942826
30,80111,80141,2.6569437988300364
6,80141,80147,0.5313711397266808
2,80147,80149,0.17712253888350515
4,80149,80153,0.35424429490718967
14,80153,80167,1.2398495523978612
6,80167,80173,0.5313558753051341
4,80173,80177,0.35423490238258315
14,80177,80191,1.2398166804925694
16,80191,80207,1.4169114406433523
2,80207,80209,0.1771108009850312
12,80209,80221,1.0626624593986251
10,80221,80231,0.8855403181461879
2,80231,80233,0.1771061087193572
6,80233,80239,0.5313171533153963
12,80239,80251,1.0626272699876849
12,80251,80263,1.0626131985593799
10,80263,80273,0.8854992746730103
6,80273,80279,0.5312937036861769
8,80279,80287,0.7083869165708306
22,80287,80309,1.9480468317391526
8,80309,80317,0.7083634810357355
12,80317,80329,1.0625358499500768
12,80329,80341,1.0625217946047807
6,80341,80347,0.531253870865379
16,80347,80363,1.4166676216269618
6,80363,80369,0.531240992272073
18,80369,80387,1.5937124419460071
20,80387,80407,1.7707564920989676
22,80407,80429,1.9477892409461464
18,80429,80447,1.593607144133387
2,80447,80449,0.17706395253538712
22,80449,80471,1.947699191054071
2,80471,80473,0.17705927674042
16,80473,80489,1.4164710973194723
2,80489,80491,0.17705577097126077
22,80491,80513,1.9476091964815097
14,80513,80527,1.2393576863332725
10,80527,80537,0.8852418646628903
20,80537,80557,1.7704642676323967
10,80557,80567,0.8852126763885988
32,80567,80599,2.832649439382138
4,80599,80603,0.3540687337168275
8,80603,80611,0.7081343567001029
10,80611,80621,0.8851601697225877
6,80621,80627,0.5310902704855005
2,80627,80629,0.17702892402843415
22,80629,80651,1.947313888739991
6,80651,80657,0.5310727815481492
12,80657,80669,1.062138569359042
2,80669,80671,0.17702076395356914
6,80671,80677,0.531061126509941
4,80677,80681,0.3540384204411109
2,80681,80683,0.17701843342205062
4,80683,80687,0.35403609007959314
14,80687,80701,1.2391208781649745
12,80701,80713,1.0620873006560991
24,80713,80737,2.1241466479849316
10,80737,80747,0.8850378150009859
2,80747,80749,0.1770056227872989
12,80749,80761,1.0620314086719416
16,80761,80777,1.4160232557145411
2,80777,80779,0.17699980384506
4,80779,80783,0.3539988320120414
6,80783,80789,0.5309959210855419
14,80789,80803,1.2389823388623877
6,80803,80809,0.5309842884567759
10,80809,80819,0.884967998881605
12,80819,80831,1.0619499695869643
2,80831,80833,0.17698933615618814
16,80833,80849,1.4159115889766898
14,80849,80863,1.2389009412884604
34,80863,80897,3.0087133283958925
12,80897,80909,1.0618593209171174
2,80909,80911,0.1769742306831164
6,80911,80917,0.5309215307660782
6,80917,80923,0.5309180471189662
6,80923,80929,0.5309145637758679
4,80929,80933,0.3539407204911559
20,80933,80953,1.7696958629316304
10,80953,80963,0.8848285860314221
26,80963,80989,2.3005291801012717
12,80989,81001,1.0617525341051506
12,81001,81013,1.0617386159167677
4,81013,81017,0.3539082333849911
2,81017,81019,0.17695334368446905
4,81019,81023,0.3539059143946002
8,81023,81031,0.7078087370265914
10,81031,81041,0.8847531925503439
2,81041,81043,0.1769487065794051
4,81043,81047,0.3538966404538819
2,81047,81049,0.1769475475556765
22,81049,81071,1.9464187736056244
6,81071,81077,0.5308287374112612
6,81077,81083,0.5308252618543174
14,81083,81097,1.2385841687335077
4,81097,81101,0.3538757859002693
18,81101,81119,1.5924340879591887
12,81119,81131,1.0616018828571916
26,81131,81157,2.3001073136491206
6,81157,81163,0.5307789500005823
10,81163,81173,0.8846257979627856
8,81173,81181,0.7076929254363178
16,81181,81197,1.4153735117886346
2,81197,81199,0.176918604739167
4,81199,81203,0.35383643852031765
20,81203,81223,1.7691744833566474
10,81223,81233,0.8845679719174159
6,81233,81239,0.5307350034785845
42,81239,81281,3.715120752541701
2,81281,81283,0.1769024242349747
10,81283,81293,0.8845101961238417
6,81293,81299,0.5307003430228795
8,81299,81307,0.7075958381777266
24,81307,81331,2.1227690396609233
12,81331,81343,1.0613568139388372
6,81343,81349,0.5306714823005135
4,81349,81353,0.3537786802779275
6,81353,81359,0.5306657126614178
12,81359,81371,1.0613245025571665
2,81371,81373,0.17688510980469646
28,81373,81401,2.476386154138424
8,81401,81409,0.7075173733432626
12,81409,81421,1.0612668361990967
18,81421,81439,1.5918795037130333
18,81439,81457,1.5918483845821632
6,81457,81463,0.5306057578482888
46,81463,81509,4.067950979436766
8,81509,81517,0.707434418952425
10,81517,81527,0.8842853491614049
6,81527,81533,0.5305654543478201
14,81533,81547,1.2379780038667043
4,81547,81551,0.3537026310277774
2,81551,81553,0.17685054845967219
6,81553,81559,0.5305504948475028
4,81559,81563,0.35369802896812313
6,81563,81569,0.5305447426879738
42,81569,81611,3.713789042534365
8,81611,81619,0.7073561918273921
10,81619,81629,0.8841875765414844
8,81629,81637,0.7073423989848007
10,81637,81647,0.8841703374767518
2,81647,81649,0.17683215243026024
18,81649,81667,1.5914859250532933
4,81667,81671,0.3536566462560785
6,81671,81677,0.5304826722000849
12,81677,81689,1.0609584533445624
12,81689,81701,1.0609446730203653
2,81701,81703,0.1768218158463699
4,81703,81707,0.3536428663286877
20,81707,81727,1.7682066783336272
10,81727,81737,0.8840842091986221
12,81737,81749,1.0608895755364305
12,81749,81761,1.0608758071148319
8,81761,81769,0.707241360714305
4,81769,81773,0.3536176216766886
26,81773,81799,2.2985046010453423
18,81799,81817,1.5912276964226422
22,81817,81839,1.9447960234242223
8,81839,81847,0.7071817464706521
6,81847,81853,0.5303817269775292
16,81853,81869,1.4143421071116151
14,81869,81883,1.2375279625043583
16,81883,81899,1.4142962948248223
2,81899,81901,0.17678398371009632
18,81901,81919,1.5910524190491706
10,81919,81929,0.8839008413412967
2,81929,81931,0.1767782609583894
6,81931,81937,0.5303336385878696
6,81937,81943,0.5303302059231898
10,81943,81953,0.8838779559238267
14,81953,81967,1.2374157917255098
4,81967,81971,0.35354203135708995
2,81971,81973,0.17677025324744997
30,81973,82003,2.6515480807248055
4,82003,82007,0.35352831074878116
2,82007,82009,0.17676339333715066
4,82009,82013,0.3535260246698657
8,82013,82021,0.7070490014531945
10,82021,82031,0.8838036327560967
6,82031,82037,0.5302764660961559
2,82037,82039,0.17675767945168702
12,82039,82051,1.0605437916805067
16,82051,82067,1.4140401105056963
6,82067,82073,0.5302559040735998
56,82073,82129,4.949023128949943
10,82129,82139,0.8837008609503847
2,82139,82141,0.1767382706174992
12,82141,82153,1.0604273420140462
10,82153,82163,0.8836780443675576
8,82163,82171,0.7069348318183183
12,82171,82183,1.060393124492654
6,82183,82189,0.5301897207999904
4,82189,82193,0.35345753367841437
14,82193,82207,1.237096047816073
10,82207,82217,0.8836267357219152
2,82217,82219,0.17672344769462628
4,82219,82223,0.3534461356745955
8,82223,82231,0.7068892326210354
6,82231,82237,0.5301623667649131
4,82237,82241,0.3534392992211062
20,82241,82261,1.7671889012416953
6,82261,82267,0.5301452800324575
12,82267,82279,1.0602837271317527
22,82279,82301,1.9438284488782458
6,82301,82307,0.5301225091253152
32,82307,82339,2.827301837933207
10,82339,82349,0.8835014813710781
2,82349,82351,0.17669840040689427
10,82351,82361,0.8834901063296922
12,82361,82373,1.0601767543420175
14,82373,82387,1.236856960012756
6,82387,82393,0.5300735957427739
28,82393,82421,2.473660865309421
36,82421,82457,3.1803256467772534
6,82457,82463,0.5300338268567668
6,82463,82469,0.5300304199436943
2,82469,82471,0.1766756711074306
12,82471,82483,1.0600517556932638
4,82483,82487,0.35334604378202045
6,82487,82493,0.5300167952076398
6,82493,82499,0.5300133897524528
8,82499,82507,0.7066799794516048
22,82507,82529,1.943353297686675
2,82529,82531,0.1766643210466332
18,82531,82549,1.5899754859065558
10,82549,82559,0.8833026992526715
2,82559,82561,0.17665864965669414
6,82561,82567,0.5299748149507612
4,82567,82571,0.3533142753911547
20,82571,82591,1.766563817796581
10,82591,82601,0.8832630142313553
8,82601,82609,0.7066028551333475
4,82609,82613,0.3532984054534578
6,82613,82619,0.5299453417889766
14,82619,82633,1.236531199036583
18,82633,82651,1.5898020353081852
6,82651,82657,0.5299238175102173
42,82657,82699,3.709442940030271
22,82699,82721,1.9429543671462297
2,82721,82723,0.1766280659958105
4,82723,82727,0.35325537772051807
2,82727,82729,0.17662693462134074
28,82729,82757,2.472771805251618
2,82757,82759,0.1766212791968631
4,82759,82763,0.3532418045086712
18,82763,82781,1.5895813356129107
6,82781,82787,0.529850269781421
6,82787,82793,0.5298468785522987
6,82793,82799,0.5298434876123523
12,82799,82811,1.0596801939230724
2,82811,82813,0.17661110550903697
24,82813,82837,2.1193287462684105
10,82837,82847,0.883031049251645
36,82847,82883,3.1788778929491386
6,82883,82889,0.5297926581831046
2,82889,82891,0.17659642395458047
12,82891,82903,1.0595762863094218
10,82903,82913,0.8829689526222669
26,82913,82939,2.295694827702489
24,82939,82963,2.1190442549872963
18,82963,82981,1.5892425928702332
16,82981,82997,1.4126330250309467
6,82997,83003,0.5297283673869017
6,83003,83009,0.5297249865392823
14,83009,83023,1.2360170806181185
24,83023,83047,2.118854876494291
12,83047,83059,1.0594004048789312
4,83059,83063,0.35312896388051807
8,83063,83071,0.7062549251596949
6,83071,83077,0.529686690350514
12,83077,83089,1.0593666260918566
4,83089,83093,0.35311770619841476
8,83093,83101,0.7062324110709449
16,83101,83117,1.412452817858223
20,83117,83137,1.7655360167117193
40,83137,83177,3.5309970385063063
26,83177,83203,2.2950506230153263
4,83203,83207,0.35307497057995
12,83207,83219,1.0592204170073503
2,83219,83221,0.17653448905583666
6,83221,83227,0.5296023437226751
4,83227,83231,0.3530659823858354
2,83231,83233,0.17653224232498022
10,83233,83243,0.88265933953445
14,83243,83257,1.2357099718264142
10,83257,83267,0.8826368785763713
2,83267,83269,0.1765255044183994
4,83269,83273,0.35305026038150616
26,83273,83299,2.294816962973402
12,83299,83311,1.0591171082684356
28,83311,83339,2.471241833929879
2,83339,83341,0.1765120388813718
16,83341,83357,1.4120933202725836
26,83357,83383,2.2946127702629773
6,83383,83389,0.5295114500344036
10,83389,83399,0.8825134793205371
2,83399,83401,0.17650082805155431
6,83401,83407,0.5295013635619876
10,83407,83417,0.8824966699560741
6,83417,83423,0.5294923999585832
8,83423,83431,0.7059853855050398
6,83431,83437,0.5294845584647212
6,83437,83443,0.5294811982983788
6,83443,83449,0.5294778384163021
10,83449,83459,0.8824574646974107
12,83459,83471,1.0589377602403356
6,83471,83477,0.5294621627239215
20,83477,83497,1.7648626815061308
40,83497,83537,3.5296507484146065
20,83537,83557,1.7647507911395472
4,83557,83561,0.35294270307192005
2,83561,83563,0.1764706061463221
16,83563,83579,1.411761867737957
12,83579,83591,1.0588035144740984
6,83591,83597,0.5293950511852252
12,83597,83609,1.058783397168032
8,83609,83617,0.7058466589743737
4,83617,83621,0.3529203501938921
18,83621,83639,1.5881348730284761
2,83639,83641,0.1764560794330609
12,83641,83653,1.058734242976968
10,83653,83663,0.8822673688066391
26,83663,83689,2.2938709674570497
12,83689,83701,1.0586806549058523
16,83701,83717,1.4115563513836589
2,83717,83719,0.17644156864888133
18,83719,83737,1.5879707710799302
24,83737,83761,2.117254205962564
12,83761,83773,1.0586003405597746
4,83773,83777,0.35286232091057923
14,83777,83791,1.2350129212828094
22,83791,83813,1.9407059837294962
20,83813,83833,1.7642373104133124
10,83833,83843,0.882100089492034
14,83843,83857,1.2349271320240398
12,83857,83869,1.058493381013555
4,83869,83873,0.3528266737331182
18,83873,83891,1.5877133526415024
12,83891,83903,1.058455534046144
8,83903,83911,0.7056281204006809
10,83911,83921,0.8820277329603382
12,83921,83933,1.0584221546454193
6,83933,83939,0.5292044034076899
30,83939,83969,2.646005334355513
14,83969,83983,1.2347635729231472
4,83983,83987,0.3527844050039035
24,83987,84011,2.116697538698995
6,84011,84017,0.5291610503029066
30,84017,84047,2.6457885870506552
6,84047,84053,0.5291410571451749
6,84053,84059,0.5291377259316615
2,84059,84061,0.1763781316659574
6,84061,84067,0.5291332847487623
22,84067,84089,1.9401431653555241
32,84089,84121,2.821961304124024
6,84121,84127,0.5290999917175871
4,84127,84131,0.35273110930063295
6,84131,84137,0.5290944455949633
6,84137,84143,0.5290911182936104
20,84143,84163,1.763625970904568
16,84163,84179,1.4108712085666457
2,84179,84181,0.17635594499895316
10,84181,84191,0.8817778776822104
8,84191,84199,0.7054149135150453
12,84199,84211,1.0581135050306034
10,84211,84221,0.8817501741877878
2,84221,84223,0.17634818845390043
6,84223,84229,0.529043457624348
10,84229,84239,0.8817335576632351
8,84239,84247,0.7053794624524574
16,84247,84263,1.4107471125045894
36,84263,84299,3.174127856239339
8,84299,84307,0.7053351820255599
6,84307,84313,0.528996960577415
4,84313,84317,0.35266242763020006
2,84317,84319,0.17633047628163812
28,84319,84347,2.468621505424778
2,84347,84349,0.17632494609225816
28,84349,84377,2.468544084933304
12,84377,84389,1.0579165092969458
2,84389,84391,0.17631720771303225
10,84391,84401,0.8815841966589647
6,84401,84407,0.5289449927388851
14,84407,84421,1.2341972485607522
10,84421,84431,0.8815565742262297
6,84431,84437,0.5289284215886849
6,84437,84443,0.5289251081897848
6,84443,84449,0.5289217950678308
8,84449,84457,0.7052246429637062
6,84457,84463,0.5289140655267085
4,84463,84467,0.35260716888506466
14,84467,84481,1.2341199391467657
18,84481,84499,1.5867024551719406
4,84499,84503,0.3525939239622467
6,84503,84509,0.528888679070851
12,84509,84521,1.057770737984925
2,84521,84523,0.1762929165549772
10,84523,84533,0.8814627442519212
18,84533,84551,1.5866163943283274
8,84551,84559,0.7051496082418256
30,84559,84589,2.6442889787592634
40,84589,84629,3.525608406743169
2,84629,84631,0.17627307513928153
18,84631,84649,1.5864543718793083
4,84649,84653,0.35253880814312827
6,84653,84659,0.5288060099413523
14,84659,84673,1.2338729824419579
18,84673,84691,1.5863850012312188
6,84691,84697,0.5287850944475586
4,84697,84701,0.35252119534017406
12,84701,84713,1.0575591844097842
6,84713,84719,0.5287729905222268
12,84719,84731,1.0575393801867539
6,84731,84737,0.5287630900604295
14,84737,84751,1.2337728443979092
10,84751,84761,0.8812534874140473
26,84761,84787,2.291235244077556
6,84787,84793,0.5287323044374915
16,84793,84809,1.4099440197239703
2,84809,84811,0.17624007220952542
16,84811,84827,1.409917647786001
30,84827,84857,2.6435516467306375
2,84857,84859,0.17623128534159918
10,84859,84869,0.8811545967449144
2,84869,84871,0.17622908953807945
42,84871,84913,3.700803195732946
6,84913,84919,0.5286631241453457
28,84919,84947,2.4670792200038503
14,84947,84961,1.2335037799762467
6,84961,84967,0.5286368015024024
10,84967,84977,0.8810558540032807
2,84977,84979,0.17620934372498417
12,84979,84991,1.0572538700411827
18,84991,85009,1.585861076194763
12,85009,85021,1.0572209926910867
6,85021,85027,0.5286039227859961
10,85027,85037,0.881001060692401
12,85037,85049,1.0571903194745695
12,85049,85061,1.0571771774466565
20,85061,85081,1.761940062665925
6,85081,85087,0.5285710713494023
4,85087,85091,0.35237852513634055
2,85091,85093,0.17618853291973877
10,85093,85103,0.8809408405532573
6,85103,85109,0.5285590326494349
12,85109,85121,1.0571115000057991
12,85121,85133,1.057098371052659
14,85133,85147,1.2332661183223428
12,85147,85159,1.0570699324541735
34,85159,85193,2.994994296110242
6,85193,85199,0.528509821511297
2,85199,85201,0.1761688476476895
12,85201,85213,1.0570109002946786
10,85213,85223,0.8808314900108295
6,85223,85229,0.5284934313852538
8,85229,85237,0.7046535388991544
6,85237,85243,0.5284857849819296
4,85243,85247,0.35232167226940597
12,85247,85259,1.0569606483391791
38,85259,85297,3.347000557198441
6,85297,85303,0.5284530314047364
10,85303,85313,0.8807495958958107
18,85313,85331,1.5853329050816636
2,85331,85333,0.17614482769019557
28,85333,85361,2.4660224972264673
2,85361,85363,0.17613937470350738
6,85363,85369,0.5284170337536197
12,85369,85381,1.0568275257263597
30,85381,85411,2.642036109466833
16,85411,85427,1.4090423311949671
2,85427,85429,0.17612738606281378
10,85429,85439,0.8806351147037207
8,85439,85447,0.7045008299214395
4,85447,85451,0.35224751058395715
2,85451,85453,0.17612302925775203
16,85453,85469,1.408981330045024
18,85469,85487,1.5850778633847873
26,85487,85513,2.2895144577226874
4,85513,85517,0.35222356167190316
6,85517,85523,0.52833316638215
8,85523,85531,0.7044398698907252
18,85531,85549,1.5849766526544404
22,85549,85571,1.9371577928450623
6,85571,85577,0.5283038003966865
20,85577,85597,1.7610017961827773
4,85597,85601,0.3521931126604771
6,85601,85607,0.5282874953763346
12,85607,85619,1.056568470357464
2,85619,85621,0.17609257186322166
6,85621,85627,0.5282766290959687
12,85627,85639,1.056546739587921
4,85639,85643,0.3521779013304466
18,85643,85661,1.5847940389047852
6,85661,85667,0.5282549054880513
2,85667,85669,0.1760838826586195
22,85669,85691,1.9369187280596571
12,85691,85703,1.0564772412196415
8,85703,85711,0.704309478047822
6,85711,85717,0.5282277677489569
16,85717,85733,1.4085986999238982
18,85733,85751,1.5846474991243464
30,85751,85781,2.6410303547973846
12,85781,85793,1.0563796123541978
24,85793,85817,2.1127332085487036
2,85817,85819,0.1760567657554777
10,85819,85829,0.8802820228671377
2,85829,85831,0.17605459881165283
6,85831,85837,0.5281627130669688
6,85837,85843,0.5281594631411224
4,85843,85847,0.352104142321619
6,85847,85853,0.5281540471916972
36,85853,85889,3.1689047878689998
14,85889,85903,1.232306386041426
6,85903,85909,0.52812373157989
22,85909,85931,1.9364417778096525
2,85931,85933,0.17603619416279018
58,85933,85991,5.105039172781299
8,85991,85999,0.704101519584522
12,85999,86011,1.0561436319863917
6,86011,86017,0.5280653313372122
10,86017,86027,0.8801034823469949
2,86027,86029,0.1760188955947024
40,86029,86069,3.520370708986108
8,86069,86077,0.7040453384336514
6,86077,86083,0.5280296847375064
28,86083,86111,2.464123413413626
2,86111,86113,0.17600377795990715
4,86113,86117,0.3520068364552439
14,86117,86131,1.2320188915476875
6,86131,86137,0.5280005432373935
6,86137,86143,0.5279973066192771
18,86143,86161,1.5839822107988417
10,86161,86171,0.8799739379960092
8,86171,86179,0.7039719610532205
4,86179,86183,0.35198310514236936
14,86183,86197,1.2319358364878537
4,86197,86201,0.3519766366753572
8,86201,86209,0.703950398907927
30,86209,86239,2.639792439348354
4,86239,86243,0.351961549761114
6,86243,86249,0.5279401700442004
8,86249,86257,0.7039159178244397
6,86257,86263,0.5279326298783993
6,86263,86269,0.5279293988193218
18,86269,86287,1.5837785040735517
4,86287,86291,0.35194431815022514
2,86291,86293,0.1759714413457502
4,86293,86297,0.35194216499148134
14,86297,86311,1.2317925537754366
12,86311,86323,1.0558071197142886
18,86323,86341,1.583691308270746
10,86341,86351,0.8798123651425048
2,86351,86353,0.175960680097939
4,86353,86357,0.35192064308225357
12,86357,86369,1.055757626740791
2,86369,86371,0.1759574534381476
10,86371,86381,0.8797854748460381
8,86381,86389,0.7038212110836577
10,86389,86399,0.8797693459396912
14,86399,86413,1.231664542001174
10,86413,86423,0.8797478468776115
18,86423,86441,1.5835300038132343
12,86441,86453,1.0556673282136555
8,86453,86461,0.7037696245652267
6,86461,86467,0.5278229218864524
10,86467,86477,0.8796994996502192
14,86477,86491,1.2315667704989162
10,86491,86501,0.8796780233892451
8,86501,86509,0.7037352616122861
22,86509,86531,1.9352562257421242
2,86531,86533,0.1759284490378465
6,86533,86539,0.527784274073869
22,86539,86561,1.9351972021427182
12,86561,86573,1.0555385091599454
6,86573,86579,0.5277628194028212
8,86579,86587,0.7036794696100983
12,86587,86599,1.0555106260434346
28,86599,86627,2.4628281072108584
2,86627,86629,0.17591129136007538
48,86629,86677,4.221862419509909
12,86677,86689,1.0554141835349684
4,86689,86693,0.3518004444770919
18,86693,86711,1.5830955757922827
8,86711,86719,0.7035851868929909
10,86719,86729,0.8794743477674953
14,86729,86743,1.2312516006630683
10,86743,86753,0.879452944864911
14,86753,86767,1.2312216406614445
4,86767,86771,0.351772619569806
12,86771,86783,1.055313580333239
30,86783,86813,2.638251866490155
24,86813,86837,2.1105373427607863
6,86837,86843,0.5276215102953516
8,86843,86851,0.7034910727971978
6,86851,86857,0.5276140307397251
4,86857,86861,0.351740550433245
8,86861,86869,0.7034782520905698
54,86869,86923,4.7484397462599945
4,86923,86927,0.3517170578898161
2,86927,86929,0.1758578173867355
10,86929,86939,0.8792873081104344
12,86939,86951,1.0551340976592078
8,86951,86959,0.7034141953842434
10,86959,86969,0.8792606315351159
12,86969,86981,1.0551020900976573
12,86981,86993,1.055089290707975
18,86993,87011,1.5826147400916886
2,87011,87013,0.17584288355260427
24,87013,87037,2.1101103383011988
4,87037,87041,0.3516765292213987
8,87041,87049,0.7033502165930169
22,87049,87071,1.934197466723816
12,87071,87083,1.0549933614198936
20,87083,87103,1.7583009660961055
4,87103,87107,0.3516530937740621
12,87107,87119,1.054955022345119
2,87119,87121,0.175823707798926
12,87121,87133,1.0549401177361293
16,87133,87149,1.4065697927977452
2,87149,87151,0.17581838616084108
28,87151,87179,2.4614524404618074
2,87179,87181,0.17581306667631408
6,87181,87187,0.5274381363616304
24,87187,87211,2.1097397821273427
10,87211,87221,0.8790369746567864
2,87221,87223,0.17580562301286584
28,87223,87251,2.461273761209644
2,87251,87253,0.17580030869026397
4,87253,87257,0.3515999089569671
20,87257,87277,1.7579924608356143
4,87277,87281,0.35159140936320316
12,87281,87293,1.0547699790942777
6,87293,87299,0.5273786167409543
14,87299,87313,1.2305426716896213
4,87313,87317,0.3515786651240014
6,87317,87323,0.5273658742182116
14,87323,87337,1.230512941538935
22,87337,87359,1.933635948180305
24,87359,87383,2.109374338838018
20,87383,87403,1.7577695116791865
4,87403,87407,0.3515468315372024
14,87407,87421,1.2304089616201601
6,87421,87427,0.5273107041671529
6,87427,87433,0.5273075236343278
10,87433,87443,0.8788405722635568
30,87443,87473,2.636495217339996
8,87473,87481,0.7030441974298148
10,87481,87491,0.8787981839711639
18,87491,87509,1.581820841733965
2,87509,87511,0.17575469401875662
6,87511,87517,0.5272630231035639
6,87517,87523,0.5272598464161689
16,87523,87539,1.406017786626208
2,87539,87541,0.17574940025092706
6,87541,87547,0.5272471422267471
6,87547,87553,0.5272439668192391
4,87553,87557,0.351493861111729
2,87557,87559,0.17574622501398549
24,87559,87583,2.108950467087087
4,87583,87587,0.35148327983063726
2,87587,87589,0.17574093465756757
24,87589,87613,2.108886984514712
10,87613,87623,0.8786817570252016
6,87623,87629,0.5272037671241931
2,87629,87631,0.17573353173671674
10,87631,87641,0.8786658966036883
2,87641,87643,0.17573141738268042
6,87643,87649,0.5271931950702999
22,87649,87671,1.9330300880265328
8,87671,87679,0.7029045319455781
4,87679,87683,0.35144944834621183
8,87683,87691,0.7028960792925382
6,87691,87697,0.5271678337095567
4,87697,87701,0.35144310979140697
18,87701,87719,1.581487656441288
2,87719,87721,0.17571768237290233
18,87721,87739,1.5814559734379903
4,87739,87743,0.3514283257767986
8,87743,87751,0.7028538364187453
16,87751,87767,1.4056964132033432
26,87767,87793,2.284220083527274
4,87793,87797,0.35140932997943625
6,87797,87803,0.5271118851447406
8,87803,87811,0.7028116274933441
22,87811,87833,1.9327165060469342
20,87833,87853,1.756976339363561
16,87853,87869,1.4055529585700401
8,87869,87877,0.7027652368252196
4,87877,87881,0.35137980824891524
6,87881,87887,0.5270676049197834
24,87887,87911,2.1082577758033785
6,87911,87917,0.5270518026117166
14,87917,87931,1.2297801667921047
12,87931,87943,1.0540825425229585
16,87943,87959,1.4054265434747069
2,87959,87961,0.17567551070046428
12,87961,87973,1.054050959030656
4,87973,87977,0.35134610972651203
14,87977,87991,1.229706472959127
10,87991,88001,0.8783494901666993
2,88001,88003,0.17566814456698476
4,88003,88007,0.3513355878036493
12,88007,88019,1.0540025555976706
18,88019,88037,1.580984900260176
32,88037,88069,2.810589344435452
10,88069,88079,0.8782811360244698
14,88079,88093,1.2295813289486026
24,88093,88117,2.1078242839164836
12,88117,88129,1.053886928764045
40,88129,88169,3.512914417314298
8,88169,88177,0.702554885241352
34,88177,88211,2.985834471403304
12,88211,88223,1.0537882547638646
14,88223,88237,1.2294049448114077
4,88237,88241,0.35125366125953017
18,88241,88259,1.5806351836213366
2,88259,88261,0.17562298595119732
28,88261,88289,2.4587169108716513
12,88289,88301,1.0537064701379817
20,88301,88321,1.756156492378886
6,88321,88327,0.5268364710200154
10,88327,88337,0.8780555475929551
2,88337,88339,0.17560936389100038
40,88339,88379,3.5121802958671937
18,88379,88397,1.580418313120167
14,88397,88411,1.22919226501172
12,88411,88423,1.0535787207767886
4,88423,88427,0.3511887221538305
36,88427,88463,3.160685946404448
6,88463,88469,0.5267621666024855
2,88469,88471,0.1755863433557428
22,88471,88493,1.9314459435738394
6,88493,88499,0.5267464864264475
14,88499,88513,1.2290678193293005
10,88513,88523,0.8778933940784375
24,88523,88547,2.1069232499929886
42,88547,88589,3.6870279449571126
2,88589,88591,0.1755654506085897
16,88591,88607,1.4045208214244134
2,88607,88609,0.17556231956612087
34,88609,88643,2.9845535192173784
8,88643,88651,0.7022242388949741
6,88651,88657,0.5266640071605384
4,88657,88661,0.3511072522953024
2,88661,88663,0.17555293092317067
4,88663,88667,0.35110516664951436
14,88667,88681,1.228863217089071
40,88681,88721,3.510989107075158
8,88721,88729,0.7021700279137059
12,88729,88741,1.0532467064716318
6,88741,88747,0.5266171025147968
24,88747,88771,2.106455910107546
18,88771,88789,1.579804440175156
4,88789,88793,0.3510614063755182
6,88793,88799,0.5265900275342914
2,88799,88801,0.1755289682325112
6,88801,88807,0.5265858638070678
4,88807,88811,0.3510551608673412
2,88811,88813,0.17552688658935955
4,88813,88817,0.35105307936195956
2,88817,88819,0.17552584589176942
24,88819,88843,2.1063059881312554
10,88843,88853,0.8776066857850796
8,88853,88861,0.7020784137650332
6,88861,88867,0.5265546499013704
6,88867,88873,0.5265515298735011
10,88873,88883,0.8775806834887484
14,88883,88897,1.2286008256891998
6,88897,88903,0.5265359334476825
16,88903,88919,1.4040875064132485
18,88919,88937,1.5795735000013955
14,88937,88951,1.228535344948144
18,88951,88969,1.5795236263995305
24,88969,88993,2.105994109021351
4,88993,88997,0.3509907109543693
6,88997,89003,0.5264839900116427
6,89003,89009,0.5264808755874614
8,89009,89017,0.7019703485467598
4,89017,89021,0.35098240637158684
20,89021,89041,1.754905112651703
10,89041,89051,0.8774352610508113
6,89051,89057,0.52645596907539
12,89057,89069,1.052905713742016
2,89069,89071,0.17548221106719836
12,89071,89083,1.0528911920383714
4,89083,89087,0.3509595823330427
14,89087,89101,1.2283536989390544
6,89101,89107,0.5264300415673294
6,89107,89113,0.5264269314156921
6,89113,89119,0.5264238215102147
4,89119,89123,0.3509471412339074
14,89123,89137,1.2283101573897999
16,89137,89153,1.403763691597813
36,89153,89189,3.158418570570662
14,89189,89203,1.2282303848857994
6,89203,89209,0.5263772024426052
4,89209,89213,0.35091606431383987
14,89213,89227,1.2282013939049834
4,89227,89231,0.3509098533522303
6,89231,89237,0.5263627100078206
24,89237,89261,2.10543842072616
8,89261,89269,0.7017962511064196
4,89269,89273,0.35089536683419187
20,89273,89293,1.754469937918284
10,89293,89303,0.8772177310510904
14,89303,89317,1.2280927593184103
12,89317,89329,1.052636461861295
34,89329,89363,2.982434828450899
8,89363,89371,0.7017259472745604
10,89371,89381,0.8771505465474778
6,89381,89387,0.5262851628806131
6,89387,89393,0.526282064177915
6,89393,89399,0.5262789657196925
14,89399,89413,1.2279770241804557
4,89413,89417,0.3508457595272087
14,89417,89431,1.2279553401052927
12,89431,89443,1.0525186956517991
6,89443,89449,0.5262531547370791
10,89449,89459,0.8770834309314964
18,89459,89477,1.5787346964131
14,89477,89491,1.2278830968936354
10,89491,89501,0.8770473202409322
12,89501,89513,1.0524464704722152
6,89513,89519,0.5262170478398646
2,89519,89521,0.1754046515024485
6,89521,89527,0.5262129234506603
6,89527,89533,0.5262098304430498
28,89533,89561,2.455631442502368
2,89561,89563,0.17539743600031868
4,89563,89567,0.3507941850083793
24,89567,89591,2.104756866467741
6,89591,89597,0.5261768535145113
2,89597,89599,0.17539125444904727
4,89599,89603,0.3507818222302689
8,89603,89611,0.7015608978973273
16,89611,89627,1.4031108104064525
6,89627,89633,0.5261583161579307
20,89633,89653,1.753850758164555
4,89653,89657,0.3507632890060142
2,89657,89659,0.17538095834828302
10,89659,89669,0.876903076422069
2,89669,89671,0.1753789000999786
10,89671,89681,0.8768927854503533
8,89681,89689,0.7015073687016092
64,89689,89753,5.612015052975583
6,89753,89759,0.5260935042627891
8,89759,89767,0.701453894199947
12,89767,89779,1.0521726190860738
4,89779,89783,0.3507200957933424
14,89783,89797,1.2275155401154965
12,89797,89809,1.0521417934529635
10,89809,89819,0.876774555490638
2,89819,89821,0.17535319928010912
12,89821,89833,1.052117141660316
6,89833,89839,0.5260524093335246
10,89839,89849,0.8767488815799436
18,89849,89867,1.5781325865279991
24,89867,89891,2.104139828047255
6,89891,89897,0.5260226423977338
2,89897,89899,0.1753398547826721
10,89899,89909,0.8766975639751687
8,89909,89917,0.7013512119638637
6,89917,89923,0.5260093059259028
16,89923,89939,1.4026832771259103
20,89939,89959,1.7533267491954483
4,89959,89963,0.35065851464407816
14,89963,89977,1.2273000173679096
6,89977,89983,0.5259785467432104
6,89983,89989,0.525975472150917
12,89989,90001,1.0519447955991386
6,90001,90007,0.5259662498195706
4,90007,90011,0.3506421174605662
6,90011,90017,0.525961127238818
2,90017,90019,0.17531935133713977
4,90019,90023,0.35063801977052494
8,90023,90031,0.7012733080330229
22,90031,90053,1.9284865749734392
6,90053,90059,0.5259396197014782
8,90059,90067,0.7012487308780921
4,90067,90071,0.3506216354280868
2,90071,90073,0.17531013526473957
16,90073,90089,1.4024783524275615
18,90089,90107,1.5777635821525129
14,90107,90121,1.2271279637642407
6,90121,90127,0.5259048229581286
22,90127,90149,1.9283064318424359
14,90149,90163,1.2270778423293496
10,90163,90173,0.876472243773524
14,90173,90187,1.2270492138299707
4,90187,90191,0.3505807194306535
6,90191,90197,0.5258690349993034
2,90197,90199,0.1752886563263536
4,90199,90203,0.3505766313503873
14,90203,90217,1.227013440796535
10,90217,90227,0.8764262510708861
12,90227,90239,1.0517012849451977
8,90239,90247,0.7011260180625509
16,90247,90263,1.4022411416762395
8,90263,90271,0.7011096780915903
10,90271,90281,0.8763802907115897
8,90281,90289,0.7010974264639165
24,90289,90313,2.103275946652598
40,90313,90353,3.5053782643968088
6,90353,90359,0.5257863364843169
12,90359,90371,1.0515665538473125
2,90371,90373,0.17525905283952378
6,90373,90379,0.5257761388772211
18,90379,90397,1.5773192403368475
4,90397,90401,0.3505092701661181
2,90401,90403,0.1752539555607627
4,90403,90407,0.3505072316257311
30,90407,90437,2.628794045153567
2,90437,90439,0.1752478414497814
30,90439,90469,2.6287125279123114
4,90469,90473,0.3504848181705237
8,90473,90481,0.7009669207939238
18,90481,90499,1.5771633527766387
12,90499,90511,1.0514239097643332
12,90511,90523,1.051411695197216
4,90523,90527,0.35046649417771436
2,90527,90529,0.17523256867798703
4,90529,90533,0.3504644589715253
14,90533,90547,1.2266208578941318
36,90547,90583,3.1541251887357693
16,90583,90599,1.4017845969855132
18,90599,90617,1.576983269727026
2,90617,90619,0.1752173137403457
12,90619,90631,1.0513018496639723
10,90631,90641,0.8760747117520734
6,90641,90647,0.5256397462920569
12,90647,90659,1.0512733963054686
18,90659,90677,1.5768918077560665
2,90677,90679,0.17520715367064615
18,90679,90697,1.5768613362396084
6,90697,90703,0.5256113062090152
6,90703,90709,0.5256082602812936
22,90709,90731,1.9272191201646245
18,90731,90749,1.5767821472463937
38,90749,90787,3.328704468206417
6,90787,90793,0.5255656421395144
10,90793,90803,0.8759376662664976
18,90803,90821,1.576672588956677
2,90821,90823,0.1751828017039257
10,90823,90833,0.8759123190085617
8,90833,90841,0.7007230976872068
6,90841,90847,0.5255382692257053
16,90847,90863,1.4014272772566958
24,90863,90887,2.102108491118252
14,90887,90901,1.2262015888190356
6,90901,90907,0.5255078772953501
4,90907,90911,0.35033655959931165
6,90911,90917,0.525502814265614
14,90917,90931,1.2261661457777915
16,90931,90947,1.401313840451429
24,90947,90971,2.101938371104586
6,90971,90977,0.5254724498247986
12,90977,90989,1.0509388293503745
8,90989,90997,0.7006177934421305
12,90997,91009,1.0509185984169078
10,91009,91019,0.8757553853040171
14,91019,91033,1.2260457421618798
46,91033,91079,4.028381750954208
2,91079,91081,0.17513928436438064
16,91081,91097,1.4011115806937062
2,91097,91099,0.17513625367818578
22,91099,91121,1.9264950867658654
6,91121,91127,0.5253966415732485
2,91127,91129,0.17513120409801003
10,91129,91139,0.8756543376439597
2,91139,91141,0.17512918481289574
10,91141,91151,0.8756442414787622
2,91151,91153,0.17512716584019272
6,91153,91159,0.5253804881253276
4,91159,91163,0.35025164006381604
20,91163,91183,1.7512514717981091
10,91183,91193,0.8756089171982208
6,91193,91199,0.5253603056840149
30,91199,91229,2.6267863960754045
8,91229,91237,0.7004562005057419
6,91237,91243,0.5253381170104415
6,91243,91249,0.5253350922565149
4,91249,91253,0.3502213784908751
30,91253,91283,2.6266502575967077
8,91283,91291,0.700419910935563
6,91291,91297,0.5253109026363576
6,91297,91303,0.5253078799847409
6,91303,91309,0.5253048575665463
22,91309,91331,1.926106729733047
36,91331,91367,3.1517445362020595
2,91367,91369,0.1750908776514538
4,91369,91373,0.3501810842417771
8,91373,91381,0.7003594843425945
6,91381,91387,0.5252655873561597
6,91387,91393,0.5252625682023526
4,91393,91397,0.35017303285430995
14,91397,91411,1.22560091919282
12,91411,91423,1.0505009878319664
10,91423,91433,0.8754074302827426
20,91433,91453,1.7507980969737569
4,91453,91457,0.35015291525052916
2,91457,91459,0.17507578731421183
4,91459,91463,0.3501509043432079
30,91463,91493,2.6261217286833483
6,91493,91499,0.5252092681936137
14,91499,91513,1.225481257891622
16,91513,91529,1.400531252600789
12,91529,91541,1.0503823656168927
30,91541,91571,2.6259257810205705
2,91571,91573,0.17505669791793335
4,91573,91577,0.35011272653108133
6,91577,91583,0.5251670819595597
8,91583,91591,0.7002187605295767
30,91591,91621,2.625800276706492
10,91621,91631,0.8752416709183831
8,91631,91639,0.7001866483216727
34,91639,91673,2.9757705173872315
18,91673,91691,1.5753567742875836
12,91691,91703,1.0502198037702983
8,91703,91711,0.7001385170530441
22,91711,91733,1.9253662226575061
20,91733,91753,1.7502961886540216
4,91753,91757,0.35005255933939716
14,91757,91771,1.2251792835323245
10,91771,91781,0.8751163756236618
20,91781,91801,1.7502160623227843
6,91801,91807,0.5250548072647677
4,91807,91811,0.35003453622326336
2,91811,91813,0.17501660083658552
10,91813,91823,0.8750813360593609
14,91823,91837,1.2251021945147087
4,91837,91841,0.3500245287625229
26,91841,91867,2.275150765710253
6,91867,91873,0.525021787713407
36,91873,91909,3.1501127239095443
12,91909,91921,1.0500015795621527
18,91921,91939,1.5749843773279286
4,91939,91943,0.3499905321064513
8,91943,91951,0.699978399614817
6,91951,91957,0.5249798031204393
4,91957,91961,0.34998453729702933
6,91961,91967,0.5249748079566002
2,91967,91969,0.1749906037215466
28,91969,91997,2.4498637906635023
6,91997,92003,0.5249568306499406
6,92003,92009,0.5249538352357919
24,92009,92033,2.099803360204655
8,92033,92041,0.6999184821429368
10,92041,92051,0.874891449346906
26,92051,92077,2.2746961474579077
6,92077,92083,0.5249169106561523
24,92083,92107,2.0996556731983516
4,92107,92111,0.34993463410923265
8,92111,92119,0.6998666093299105
24,92119,92143,2.0995838758793353
10,92143,92153,0.8748066788803449
20,92153,92173,1.749596747970765
4,92173,92177,0.3499127069486602
2,92177,92179,0.17495568931139163
10,92179,92189,0.8747767862131058
14,92189,92203,1.2246758791801802
16,92203,92219,1.3996109846204243
2,92219,92221,0.17494871764438805
6,92221,92227,0.524845157259913
6,92227,92233,0.5248421703923779
4,92233,92237,0.3498927891687636
6,92237,92243,0.5248371927871427
8,92243,92251,0.6997789420377899
18,92251,92269,1.5744906756148178
28,92269,92297,2.4491659206480083
14,92297,92311,1.2245504610849198
6,92311,92317,0.5248003782038899
16,92317,92333,1.3994597193532954
14,92333,92347,1.2245086933662033
6,92347,92353,0.5247824809420569
4,92353,92357,0.34985299924137525
6,92357,92363,0.5247775109351919
6,92363,92369,0.5247745292345493
8,92369,92377,0.6996953970152994
4,92377,92381,0.34984504854531984
2,92381,92383,0.17492186183263295
4,92383,92387,0.34984306125051384
12,92387,92399,1.0495252094146665
2,92399,92401,0.17491888126949512
12,92401,92413,1.0495113008275483
6,92413,92419,0.524749690575979
12,92419,92431,1.0494934219960905
28,92431,92459,2.4487901784450723
2,92459,92461,0.17490895098383655
6,92461,92467,0.5247258603141554
12,92467,92479,1.0494457651068954
10,92479,92489,0.874528212855041
14,92489,92503,1.2243279207587294
4,92503,92507,0.3498033471701636
44,92507,92551,3.8478222685111803
6,92551,92557,0.5246812177247431
10,92557,92567,0.8744637389429618
2,92567,92569,0.17489109553473595
12,92569,92581,1.0493445906547787
12,92581,92593,1.0493326963896932
30,92593,92623,2.6233020098394597
4,92623,92627,0.3497636935738454
12,92627,92639,1.0492871184809076
2,92639,92641,0.17487920549418073
6,92641,92647,0.52463662611082
10,92647,92657,0.8743894252439433
12,92657,92669,1.049257408082495
2,92669,92671,0.17487425451457522
10,92671,92681,0.8743696225811213
2,92681,92683,0.17487227464997046
10,92683,92693,0.8743597235090859
6,92693,92699,0.5246108852595488
8,92699,92707,0.699477221670776
10,92707,92717,0.8743399298816338
6,92717,92723,0.5245990105881552
14,92723,92737,1.2240574324639835
16,92737,92753,1.3989043140985316
8,92753,92761,0.6994416071340779
6,92761,92767,0.5245772497336794
12,92767,92779,1.049148566568068
10,92779,92789,0.8742805851015442
2,92789,92791,0.17485446941007463
10,92791,92801,0.8742706995653069
8,92801,92809,0.6994099702125656
12,92809,92821,1.0491070488921443
10,92821,92831,0.8742459922943784
18,92831,92849,1.5736279655198842
8,92849,92857,0.6993783525102055
4,92857,92861,0.34968654238007385
2,92861,92863,0.17484261277126514
4,92863,92867,0.3496845671487485
26,92867,92893,2.272941127672545
6,92893,92899,0.5245120398609795
22,92899,92921,1.9231999539972557
6,92921,92927,0.5244982214587862
14,92927,92941,1.2238222756877741
10,92941,92951,0.8741472569436787
6,92951,92957,0.5244834214553361
2,92957,92959,0.1748268207093543
28,92959,92987,2.4475708867656962
6,92987,92993,0.5244656688570373
8,92993,93001,0.6992836145009047
46,93001,93047,4.020850548911273
6,93047,93053,0.5244360991290263
6,93053,93059,0.524433143388327
18,93059,93077,1.5732905636145595
6,93077,93083,0.5244213226641352
6,93083,93089,0.5244183680425807
8,93089,93097,0.6992205515263473
6,93097,93103,0.5244114747956433
10,93103,93113,0.8740142015329118
18,93113,93131,1.5732107948705738
2,93131,93133,0.17479824637397628
6,93133,93139,0.524393754894072
12,93139,93151,1.0487816047189553
18,93151,93169,1.5731546938817331
10,93169,93179,0.8739600717291288
8,93179,93187,0.6991614993388411
12,93187,93199,1.0487343802478424
30,93199,93229,2.6218064464877227
10,93229,93239,0.8739109018929151
2,93239,93241,0.17478054210690816
10,93241,93251,0.873901072386716
2,93251,93253,0.17477857645334713
4,93253,93257,0.34955649774662184
6,93257,93263,0.5243327812139955
18,93263,93281,1.572989499872315
2,93281,93283,0.17477366361923946
4,93283,93287,0.3495466723259285
20,93287,93307,1.747726812751563
12,93307,93319,1.0486164439851988
4,93319,93323,0.349534886719962
6,93323,93329,0.5243003663068462
8,93329,93337,0.6990632277767944
34,93337,93371,2.970996465317831
6,93371,93377,0.5242768087395822
6,93377,93383,0.5242738650440248
24,93383,93407,2.0970836862826543
12,93407,93419,1.0485182997971076
8,93419,93427,0.6990043538598176
36,93427,93463,3.1454960573142094
16,93463,93479,1.3979511906026605
2,93479,93481,0.17474128539669093
6,93481,93487,0.5242228762651772
4,93487,93491,0.3494799577588375
2,93491,93493,0.17473932567003408
4,93493,93497,0.3494779981553065
6,93497,93503,0.5242150377525381
20,93503,93523,1.7473736623884886
6,93523,93529,0.5242023035297549
24,93529,93553,2.0967974618142073
4,93553,93557,0.34945841024166413
2,93557,93559,0.1747285524527526
4,93559,93563,0.3494564522620108
18,93563,93581,1.5725481616088468
20,93581,93601,1.7472463713253865
6,93601,93607,0.5241641257999595
22,93607,93629,1.9219243655319493
8,93629,93637,0.6988672401186101
46,93637,93683,4.018456637328155
18,93683,93701,1.5723720915419874
2,93701,93703,0.17470507820926398
16,93703,93719,1.397638019812342
20,93719,93739,1.7470214690875179
22,93739,93761,1.921687797521178
2,93761,93763,0.17469530977871278
24,93763,93787,2.0963398114900196
22,93787,93809,1.9216018697955752
2,93809,93811,0.17468750031980596
16,93811,93827,1.3974974002204499
24,93827,93851,2.0962148757935735
20,93851,93871,1.74680670892805
16,93871,93887,1.3974193603715435
2,93887,93889,0.17467481995509376
4,93889,93893,0.3493489899605462
8,93893,93901,0.698695380220105
10,93901,93911,0.8733627265104995
2,93911,93913,0.1746709207938494
10,93913,93923,0.8733529795829158
14,93923,93937,1.2226828015650544
4,93937,93941,0.3493333960463842
8,93941,93949,0.6986641939521068
18,93949,93967,1.571982745636388
4,93967,93971,0.34932365460237935
8,93971,93979,0.6986447120384155
4,93979,93983,0.3493197590476449
14,93983,93997,1.2226146123073458
10,93997,94007,0.873284792027406
2,94007,94009,0.17465533584586773
24,94009,94033,2.095860136299294
16,94033,94049,1.3972089451163523
8,94049,94057,0.6985940932351316
6,94057,94063,0.5239416782635431
16,94063,94079,1.397170026057571
20,94079,94099,1.746436593984435
10,94099,94109,0.8732020890179809
2,94109,94111,0.17463879730964504
6,94111,94117,0.5239154197053798
4,94117,94121,0.3492750021202161
30,94121,94151,2.6195527947580888
2,94151,94153,0.1746319934430981
16,94153,94169,1.3970533563070777
32,94169,94201,2.794065257465473
6,94201,94207,0.5238716947468446
12,94207,94219,1.0477375629889445
10,94219,94229,0.8731049260725076
24,94229,94253,2.09543240573375
8,94253,94261,0.6984619383969147
12,94261,94273,1.0476851440531738
18,94273,94291,1.5715102502863743
16,94291,94307,1.3968747168818794
2,94307,94309,0.174606753116641
12,94309,94321,1.0476385790471046
6,94321,94327,0.5238134710726032
4,94327,94331,0.34920704144878917
12,94331,94343,1.0476172460552893
6,94343,94349,0.5238028061704834
2,94349,94351,0.17459996602259717
28,94351,94379,2.444395000826333
18,94379,94397,1.5713560824360298
2,94397,94399,0.17459221368786543
22,94399,94421,1.9205107985184708
6,94421,94427,0.5237650177699192
6,94427,94433,0.5237621124887168
6,94433,94439,0.523759207424341
2,94439,94441,0.17458543419225386
6,94441,94447,0.5237553343424068
16,94447,94463,1.3966731460902462
14,94463,94477,1.2220709324922114
6,94477,94483,0.5237379102413086
30,94483,94513,2.6186750349132444
16,94513,94529,1.3965879838318156
2,94529,94531,0.17457091861938645
10,94531,94541,0.8728529811774702
2,94541,94543,0.174568984436194
4,94543,94547,0.34913732420072763
12,94547,94559,1.0474081047163815
2,94559,94561,0.1745660837020177
12,94561,94573,1.047394568629535
10,94573,94583,0.8728191401189602
14,94583,94597,1.2219355194562063
6,94597,94603,0.5236798861774927
10,94603,94613,0.8727949787400571
8,94613,94621,0.6982295415575112
28,94621,94649,2.4437853614496445
2,94649,94651,0.17455158975316104
36,94651,94687,3.1419228212872383
6,94687,94693,0.5236364248362243
16,94693,94709,1.3963560777034636
14,94709,94723,1.2217935527757264
4,94723,94727,0.3490793692556796
20,94727,94747,1.7453904141877674
24,94747,94771,2.094429910222888
6,94771,94777,0.5235959046715688
4,94777,94781,0.3490620079922509
8,94781,94789,0.6981214448698729
4,94789,94793,0.34905815151146524
18,94793,94811,1.5707558976538347
8,94811,94819,0.698102165571568
4,94819,94823,0.3490485128177111
14,94823,94837,1.2216652977521143
4,94837,94841,0.34904273132058056
6,94841,94847,0.5235621700776993
2,94847,94849,0.17451975996730235
24,94849,94873,2.0942332662307837
16,94873,94889,1.3961246887673857
14,94889,94903,1.2215911275917641
4,94903,94907,0.3490215435191373
26,94907,94933,2.268631689780413
16,94933,94949,1.3960476736826868
2,94949,94951,0.17450339324771938
10,94951,94961,0.8725153626905037
32,94961,94993,2.792023505744158
6,94993,94999,0.5234890184048884
4,94999,95003,0.3489907557732145
6,95003,95009,0.5234842106153241
12,95009,95021,1.0469626524537514
6,95021,95027,0.5234755580917442
36,95027,95063,3.1408360460700115
8,95063,95071,0.6979405018056217
12,95071,95083,1.0469030668021537
4,95083,95087,0.34896384645562273
2,95087,95089,0.17448128287802311
4,95089,95093,0.3489619254299859
8,95093,95101,0.6979212896506347
6,95101,95107,0.523437125708653
4,95107,95111,0.34895616320714895
20,95111,95131,1.7447744144356288
12,95131,95143,1.0468454467064146
10,95143,95153,0.8723616065075971
24,95153,95177,2.09364866006278
12,95177,95189,1.0468013001974055
2,95189,95191,0.17446496463965425
12,95191,95203,1.0467878692770618
10,95203,95213,0.8723136324216508
6,95213,95219,0.5233833841158195
12,95219,95231,1.0467610143948654
2,95231,95233,0.1744582513331107
6,95233,95239,0.5233737952157603
18,95239,95257,1.5701127570207862
4,95257,95261,0.34890819443809024
6,95261,95267,0.5233603747283053
6,95267,95273,0.523357499512304
6,95273,95279,0.523354624508969
8,95279,95287,0.6978023329576946
24,95287,95311,2.0933916679788993
6,95311,95317,0.5233364210912079
10,95317,95327,0.8722225794108849
12,95327,95339,1.0466575180882085
30,95339,95369,2.6166150674994175
14,95369,95383,1.2210535244934488
10,95383,95393,0.8721699229475428
8,95393,95401,0.69772955874282
12,95401,95413,1.0465866834241955
6,95413,95419,0.5232876014012616
10,95419,95429,0.8721412192729845
12,95429,95441,1.0465598979445427
2,95441,95443,0.17442473687977336
18,95443,95461,1.569819762998626
6,95461,95467,0.5232646486337895
4,95467,95471,0.34884118699394034
8,95471,95479,0.6976798246843557
4,95479,95483,0.3488373632268014
24,95483,95507,2.0930165325790564
20,95507,95527,1.7441422164897007
4,95527,95531,0.3488220738002886
8,95531,95539,0.6976416001773887
10,95539,95549,0.8720456321334898
12,95549,95561,1.0464452074845234
8,95561,95569,0.6976224984954698
12,95569,95581,1.0464261088545217
16,95581,95597,1.395219535905931
6,95597,95603,0.5231996893284016
14,95603,95617,1.220792593945774
4,95617,95621,0.3487934304290478
8,95621,95629,0.6975843162505729
4,95629,95633,0.3487896137052673
18,95633,95651,1.569547537150491
50,95651,95701,4.35978272298709
6,95701,95707,0.5231500877521585
6,95707,95713,0.5231472280543574
4,95713,95717,0.34876291237805995
6,95717,95723,0.5231424623591937
8,95723,95731,0.6975194709636682
6,95731,95737,0.5231357913681997
10,95737,95747,0.8718882212046293
26,95747,95773,2.2668887313854515
10,95773,95783,0.8718596421123496
6,95783,95789,0.5231110234286777
2,95789,95791,0.1743693888685571
10,95791,95801,0.8718453572967249
2,95801,95803,0.1743674845300161
10,95803,95813,0.8718358358374709
6,95813,95819,0.523096741414753
38,95819,95857,3.3129279424003233
12,95857,95869,1.0461516079155107
4,95869,95873,0.3487133971339649
8,95873,95881,0.6974242575135189
10,95881,95891,0.8717739804719397
20,95891,95911,1.7435321091414449
6,95911,95917,0.5230501234079307
6,95917,95923,0.5230472710616645
6,95923,95929,0.523044418924925
18,95929,95947,1.5691247009930505
10,95947,95957,0.8717216874544331
2,95957,95959,0.1743427535910253
12,95959,95971,1.0460546210058839
16,95971,95987,1.3947242916547418
2,95987,95989,0.1743380030542403
12,95989,96001,1.0460261184827047
12,96001,96013,1.0460147204023955
4,96013,96017,0.3486677746650309
26,96017,96043,2.2663323053894437
10,96043,96053,0.8716457002443654
6,96053,96059,0.5229826740238522
20,96059,96079,1.7432660887623495
18,96079,96097,1.568911010459237
40,96097,96137,3.486411986499211
12,96137,96149,1.045885658973468
8,96149,96157,0.6972495209966585
10,96157,96167,0.8715555811964033
12,96167,96179,1.0458572184034607
2,96179,96181,0.17430764084876244
18,96181,96199,1.5687659245541523
12,96199,96211,1.0458268932769659
10,96211,96221,0.8715129370069836
2,96221,96223,0.17430100860385717
10,96223,96233,0.871503464337354
26,96233,96259,2.2658884859146577
4,96259,96263,0.34859002185993176
6,96263,96269,0.5228831392728454
12,96269,96281,1.045760598341
8,96281,96289,0.6971661594524593
4,96289,96293,0.34858055577579633
30,96293,96323,2.6143447041969026
6,96323,96329,0.5228547475994472
2,96329,96331,0.17428396985812428
6,96331,96337,0.5228509636121432
16,96337,96353,1.394261668970199
24,96353,96377,2.0913622381980317
24,96377,96401,2.091316851375911
18,96401,96419,1.5684536083679237
12,96419,96431,1.0456187281820253
12,96431,96443,1.0456073897669826
8,96443,96451,0.6970640353391151
6,96451,96457,0.5227942480449917
4,96457,96461,0.3485276096279895
8,96461,96469,0.6970527006510632
10,96469,96479,0.8713095797614159
8,96479,96487,0.6970413684464198
6,96487,96493,0.522777249530926
4,96493,96497,0.34851627811287544
20,96497,96517,1.7425750968104299
10,96517,96527,0.871271816317645
26,96527,96553,2.2652862744441884
4,96553,96557,0.348497403281721
24,96557,96581,2.0909768726962756
6,96581,96587,0.5227328996100441
2,96587,96589,0.17424335682835992
12,96589,96601,1.045458254978569
42,96601,96643,3.6590642899717336
18,96643,96661,1.5681110257984927
6,96661,96667,0.5226951949025853
4,96667,96671,0.3484615790178624
26,96671,96697,2.2649920990263883
6,96697,96703,0.5226782397370863
28,96703,96731,2.4391519347850634
6,96731,96737,0.5226622333297359
2,96737,96739,0.17421980311846377
10,96739,96749,0.8710974467938563
8,96749,96757,0.6968716826982115
6,96757,96763,0.5226499975927522
6,96763,96769,0.5226471745094059
10,96769,96779,0.8710739193860004
8,96779,96787,0.6968528630559184
10,96787,96797,0.8710598070519141
2,96797,96799,0.17421039363957527
22,96799,96821,1.9163108811905898
2,96821,96823,0.17420663176544582
4,96823,96827,0.3484126366507208
20,96827,96847,1.7420569146799616
4,96847,96851,0.34840511527443396
6,96851,96857,0.5226057928867509
36,96857,96893,3.135617838122052
14,96893,96907,1.2193674689655973
4,96907,96911,0.348386321404834
20,96911,96931,1.7419253448301204
22,96931,96953,1.9160834422528183
6,96953,96959,0.522557883033145
14,96959,96973,1.2192951555160583
6,96973,96979,0.5225484958842064
10,96979,96989,0.8709094669713383
8,96989,96997,0.6967213170688692
4,96997,97001,0.34835815620381755
2,97001,97003,0.17417845256469092
4,97003,97007,0.3483562796148798
14,97007,97021,1.2192426002095638
18,97021,97039,1.5675779279957085
34,97039,97073,2.960932695012345
8,97073,97081,0.6966687922850087
22,97081,97103,1.9158254299473938
14,97103,97117,1.2191375811399783
10,97117,97127,0.8708016257463406
24,97127,97151,2.0899051635772627
6,97151,97157,0.5224650502761097
2,97157,97159,0.1741540802103336
10,97159,97169,0.8707688402131735
2,97169,97171,0.1741522073173072
6,97171,97177,0.5224556855846182
10,97177,97187,0.8707547943641263
26,97187,97213,2.2639421803298587
18,97213,97231,1.5673080812906877
10,97231,97241,0.8707126751387673
18,97241,97259,1.5672687809333332
24,97259,97283,2.08965803124474
18,97283,97301,1.5672098553035123
2,97301,97303,0.1741316234005942
24,97303,97327,2.0895757413031526
40,97327,97367,3.482551457155775
2,97367,97369,0.1741213437336465
4,97369,97373,0.3482420647126277
6,97373,97379,0.5223612288725289
2,97379,97381,0.1741194755822844
6,97381,97387,0.5223574927500089
10,97387,97397,0.8705911514910066
26,97397,97423,2.2635167602058393
6,97423,97429,0.5223378840173151
12,97429,97441,1.044670167160071
12,97441,97453,1.04465896662578
6,97453,97459,0.522323883855447
4,97459,97463,0.3482140562868639
36,97463,97499,3.133915309555661
2,97499,97501,0.17410080892188393
10,97501,97511,0.8705024901972379
12,97511,97523,1.0445936624373993
24,97523,97547,2.0891649459207184
2,97547,97549,0.17409334980918847
4,97549,97553,0.3481860782127027
8,97553,97561,0.6963696708924562
10,97561,97571,0.8704558752318897
6,97571,97577,0.5222688656060699
2,97577,97579,0.1740886900517849
4,97579,97583,0.3481767589221983
24,97583,97607,2.0890530996257946
2,97607,97609,0.17408403197612435
4,97609,97613,0.3481674429950292
36,97613,97649,3.1334958101286343
2,97649,97651,0.17407751349337608
22,97651,97673,1.9148492348870088
14,97673,97687,1.2185165308668688
24,97687,97711,2.0888594238515097
18,97711,97729,1.5666110728649418
42,97729,97771,3.6553672351825903
6,97771,97777,0.5221757925157645
10,97777,97787,0.8702883396290458
2,97787,97789,0.17405611877554897
24,97789,97813,2.088669707613796
16,97813,97829,1.3924167348413838
12,97829,97841,1.0442976862494917
2,97841,97843,0.1740477565768909
4,97843,97847,0.34809489393979015
2,97847,97849,0.17404682777819325
10,97849,97859,0.8702325909674329
2,97859,97861,0.1740449703813823
10,97861,97871,0.8702233042062247
8,97871,97879,0.6961724530078294
4,97879,97883,0.3480837506283728
36,97883,97919,3.1327426150172406
8,97919,97927,0.6961427496267357
4,97927,97931,0.34806890036261073
12,97931,97943,1.0442029896786844
18,97943,97961,1.5662877847785044
6,97961,97967,0.5220875798908998
6,97967,97973,0.5220847975015679
14,97973,97987,1.2181913690620154
22,97987,98009,1.9142769224889282
2,98009,98011,0.17402177545877384
6,98011,98017,0.5220643994242382
24,98017,98041,2.0882464748048957
6,98041,98047,0.5220504978072317
10,98047,98057,0.8700795301385269
24,98057,98081,2.0881723426134147
20,98081,98101,1.7401065669481492
22,98101,98123,1.9140832683476108
6,98123,98129,0.522012525520431
14,98129,98143,1.2180227465542053
36,98143,98179,3.1320196178294513
28,98179,98207,2.435937534936598
6,98207,98213,0.5219736656893964
8,98213,98221,0.6959611886406126
6,98221,98227,0.5219671928447023
24,98227,98251,2.0878576763998753
6,98251,98257,0.521953326109771
12,98257,98269,1.0439011067185449
28,98269,98297,2.4357433727879045
2,98297,98299,0.17397735781142593
18,98299,98317,1.5657934490093468
4,98317,98321,0.3479485578547419
2,98321,98323,0.1739736632387936
4,98323,98327,0.347946710811064
20,98327,98347,1.7397273976106131
22,98347,98369,1.9136662817764074
8,98369,98377,0.6958651090748633
10,98377,98387,0.8698252334252858
2,98387,98389,0.1739635086206793
18,98389,98407,1.5656688092684388
4,98407,98411,0.34792086608484013
8,98411,98419,0.6958392720593018
10,98419,98429,0.8697929402383634
14,98429,98443,1.2176993552764113
10,98443,98453,0.8697744942515881
6,98453,98459,0.5218600859891055
8,98459,98467,0.6958097598878341
6,98467,98473,0.5218536321260391
6,98473,98479,0.5218508665144802
12,98479,98491,1.0436962022014729
16,98491,98507,1.39158018897757
12,98507,98519,1.0436703969027596
14,98519,98533,1.2176025634790286
10,98533,98543,0.869705368790625
18,98543,98561,1.5654558469671316
2,98561,98563,0.1739367756415294
10,98563,98573,0.8696823434402655
24,98573,98597,2.087219208364117
24,98597,98621,2.087175019168877
6,98621,98627,0.5217827106497527
12,98627,98639,1.0435599002142357
2,98639,98641,0.17392480987108094
22,98641,98663,1.913169535227798
6,98663,98669,0.5217633909903371
20,98669,98689,1.7392021060904455
22,98689,98711,1.9130885988088386
2,98711,98713,0.17391377439934463
4,98713,98717,0.3478269359867183
12,98717,98729,1.0434771312195037
2,98729,98731,0.17391101700780134
6,98731,98737,0.5217321320021776
36,98737,98773,3.130376250417713
6,98773,98779,0.5217128376032175
22,98779,98801,1.9129369675046846
6,98801,98807,0.521699980020395
2,98807,98809,0.17389907512686045
28,98809,98837,2.4345827669844153
12,98837,98849,1.043366910252657
18,98849,98867,1.5650338451951635
2,98867,98869,0.17388989659257068
4,98869,98873,0.3477791815080981
14,98873,98887,1.2172228536915501
6,98887,98893,0.5216605156023807
4,98893,98897,0.3477718425163402
2,98897,98899,0.17388530977715916
10,98899,98909,0.8694250202377041
2,98909,98911,0.1738834755083074
16,98911,98927,1.3910653585778412
2,98927,98929,0.17388072459479115
10,98929,98939,0.8694020948700194
8,98939,98947,0.6955155639154142
6,98947,98953,0.5216330061397726
10,98953,98963,0.8693837604509304
18,98963,98981,1.564877020770383
12,98981,98993,1.0432348522700579
6,98993,98999,0.5216119288096815
14,98999,99013,1.2170880876941397
4,99013,99017,0.347735178892592
6,99017,99023,0.521600936505378
18,99023,99041,1.5647945667539476
12,99041,99053,1.0431798946564292
26,99053,99079,2.2601993002844343
4,99079,99083,0.3477150361260631
6,99083,99089,0.5215707237878766
14,99089,99103,1.2169919494802572
6,99103,99109,0.5215615730827108
10,99109,99119,0.8692647138231139
12,99119,99131,1.0431085081584572
2,99131,99133,0.17384958857889168
4,99133,99137,0.3476985673924917
2,99137,99139,0.1738486739526146
10,99139,99149,0.8692418454581428
24,99149,99173,2.0861621387397733
8,99173,99181,0.6953727502366248
10,99181,99191,0.8692098433904283
32,99191,99223,2.7814471238244582
10,99223,99233,0.8691778572265016
8,99233,99241,0.6953361950525301
10,99241,99251,0.8691641537353917
6,99251,99257,0.5214939251672317
2,99257,99259,0.1738303950606969
18,99259,99277,1.5644708156907445
12,99277,99289,1.042964106604493
28,99289,99317,2.433557350983829
30,99317,99347,2.607318980096152
2,99347,99349,0.1738167029067713
18,99349,99367,1.5643475892186762
4,99367,99371,0.3476273243662801
6,99371,99377,0.5214391623738638
14,99377,99391,1.2166849946349763
6,99391,99397,0.5214300427887766
4,99397,99401,0.3476182048888558
8,99401,99409,0.6952339784052874
22,99409,99431,1.911880069013642
8,99431,99439,0.6952157467720564
30,99439,99469,2.6070408228512534
18,99469,99487,1.5641834909331243
10,99487,99497,0.8689771645741659
26,99497,99523,2.25932089466537
4,99523,99527,0.3475799383333872
2,99527,99529,0.17378936222677083
22,99529,99551,1.9116796464430108
8,99551,99559,0.695142884753634
4,99559,99563,0.3475690154758255
8,99563,99571,0.6951356042223333
6,99571,99577,0.5213480633302459
4,99577,99581,0.3475635557854177
26,99581,99607,2.259155227408296
4,99607,99611,0.34755445887518877
12,99611,99623,1.0426597385904361
20,99623,99643,1.7377480425230352
18,99643,99661,1.5639459607217168
6,99661,99667,0.5213071388072218
12,99667,99679,1.0426088240963913
10,99679,99689,0.8688315985135457
18,99689,99707,1.5638832467399126
2,99707,99709,0.1737620795257493
4,99709,99713,0.34752355341889807
6,99713,99719,0.5212835132947089
2,99719,99721,0.17376026273488182
12,99721,99733,1.0425597597681178
28,99733,99761,2.4326140085778416
6,99761,99767,0.5212617179613879
20,99767,99787,1.73752998136739
6,99787,99793,0.5212499172946281
16,99793,99809,1.389992518870262
8,99809,99817,0.6949865799113901
6,99817,99823,0.5212363056243587
6,99823,99829,0.5212335838665176
4,99829,99833,0.3474872415337923
6,99833,99839,0.5212290480301299
20,99839,99859,1.7374210892808823
12,99859,99871,1.0424345147016796
6,99871,99877,0.5212118167141016
4,99877,99881,0.3474727311223069
20,99881,99901,1.7373576114541616
6,99901,99907,0.5211982184784948
16,99907,99923,1.3898546650840722
6,99923,99929,0.5211882494848789
32,99929,99961,2.779656165949539
10,99961,99971,0.8686183939674378
18,99971,99989,1.5634995236778666
2,99989,99991,0.17371945265138944
12,99991,100003,1.0423149050235
16,100003,100019,1.3897387208095784
24,100019,100043,2.084579114197562
6,100043,100049,0.5211339184671424
8,100049,100057,0.6948416052324906
12,100057,100069,1.0422551696624192
34,100069,100103,2.9530255553599427
6,100103,100109,0.5211067816343116
20,100109,100129,1.7370135633368637
22,100129,100151,1.9106817703166683
2,100151,100153,0.17369502863656658
16,100153,100169,1.389557819162774
14,100169,100183,1.2158462240381602
6,100183,100189,0.5210706288723803
4,100189,100193,0.3473786125208452
14,100193,100207,1.215820928372596
6,100207,100213,0.5210597896507196
24,100213,100237,2.0842283212855355
30,100237,100267,2.605231224538048
4,100267,100271,0.3473551366143696
8,100271,100279,0.6947078665991135
12,100279,100291,1.0420545805168215
6,100291,100297,0.521021876355699
16,100297,100313,1.3893844525051808
20,100313,100333,1.7367065094724816
10,100333,100343,0.868338222802896
14,100343,100357,1.2156629914169446
4,100357,100361,0.34732807564974566
2,100361,100363,0.17366343680067647
16,100363,100379,1.3893050903929691
12,100379,100391,1.0419643952379987
2,100391,100393,0.1736589300151637
10,100393,100403,0.8682931480949929
8,100403,100411,0.6946285109740814
6,100411,100417,0.5209677791086088
30,100417,100447,2.6048253811915174
12,100447,100459,1.0419031294586791
10,100459,100469,0.8682436024197021
14,100469,100483,1.2155305383647454
10,100483,100493,0.8682255952815912
8,100493,100501,0.6945744750376928
10,100501,100511,0.8682120932402914
6,100511,100517,0.520922755999527
2,100517,100519,0.17364001876164845
4,100519,100523,0.34727943761474256
14,100523,100537,1.2154738324388075
10,100537,100547,0.8681850976701753
2,100547,100549,0.17363552018280698
10,100549,100559,0.868176101667814
32,100559,100591,2.7781395390773143
18,100591,100609,1.5626603260431986
4,100609,100613,0.34725245621951667
8,100613,100621,0.6945025154078504
28,100621,100649,2.430742025883486
20,100649,100669,1.7362023678971457
4,100669,100673,0.34723448435505844
20,100673,100693,1.7361664333888018
6,100693,100699,0.5208409486933265
4,100699,100703,0.347225503136387
30,100703,100733,2.6041822940836967
8,100733,100741,0.694430656434525
6,100741,100747,0.5208194020565841
22,100747,100769,1.909661268438659
18,100769,100787,1.5624205162455471
12,100787,100799,1.0415975289988146
2,100799,100801,0.17359779420226826
10,100801,100811,0.8679874761630154
12,100811,100823,1.0415760029321661
6,100823,100829,0.5207826210770466
18,100829,100847,1.5623397934930472
6,100847,100853,0.5207718625532466
54,100853,100907,4.686922560526147
6,100907,100913,0.5207449793845536
14,100913,100927,1.2150653482321785
4,100927,100931,0.34715734833124934
6,100931,100937,0.5207342313692995
6,100937,100943,0.5207315448341296
14,100943,100957,1.21503400313486
24,100957,100981,2.082890364281072
6,100981,100987,0.5207118493010261
12,100987,100999,1.0414183286537042
10,100999,101009,0.8678396582334962
12,101009,101021,1.041398642046027
6,101021,101027,0.5206939530085976
24,101027,101051,2.0827650771280166
12,101051,101063,1.0413610724916533
18,101063,101081,1.5620255125485478
8,101081,101089,0.6942228322089685
18,101089,101107,1.561990645165731
4,101107,101111,0.34710366941620613
2,101111,101113,0.1735512389127548
4,101113,101117,0.34710188205090664
2,101117,101119,0.17355034527159402
22,101119,101141,1.9090505214553921
8,101141,101149,0.6941870853165488
10,101149,101159,0.867727901180731
2,101159,101161,0.17354409152536435
12,101161,101173,1.0412627628235958
10,101173,101183,0.8677100381019462
14,101183,101197,1.214783635268091
6,101197,101203,0.5206153079971656
4,101203,101207,0.34707508649807967
2,101207,101209,0.17353694811686965
12,101209,101221,1.041219903366814
46,101221,101267,3.991301903547456
6,101267,101273,0.5205840733358704
6,101273,101279,0.520581397258213
2,101279,101281,0.17352624045553583
6,101281,101287,0.5205778294440798
6,101287,101293,0.5205751538005062
30,101293,101323,2.602862391714642
10,101323,101333,0.8675985064068884
8,101333,101341,0.6940728622806983
6,101341,101347,0.5205510813752642
12,101347,101359,1.04109681518113
4,101359,101363,0.34702870705227185
14,101363,101377,1.2145963162809106
6,101377,101383,0.5205350414529147
16,101383,101399,1.3880863167530282
12,101399,101411,1.0410504851366813
8,101411,101419,0.6940265316982898
10,101419,101429,0.8675272277603335
20,101429,101449,1.7350396149098806
18,101449,101467,1.5615089449548176
10,101467,101477,0.8674916181220089
6,101477,101483,0.5204905211613166
6,101483,101489,0.5204878515811706
12,101489,101501,1.0409703643724721
2,101501,101503,0.17349328131730163
10,101503,101513,0.8674649238636448
14,101513,101527,1.214440515068974
4,101527,101531,0.34697885354519376
2,101531,101533,0.17348883386853314
4,101533,101537,0.3469770748535606
24,101537,101561,2.0818553347659745
12,101561,101573,1.0409063277695836
8,101573,101581,0.693930440121252
18,101581,101599,1.561332823917498
4,101599,101603,0.34695751738261743
8,101603,101611,0.6939126651210816
16,101611,101627,1.3878158523223618
14,101627,101641,1.2143222867207903
12,101641,101653,1.04083523844029
10,101653,101663,0.8673538172534873
18,101663,101681,1.5612235505777385
12,101681,101693,1.040799718393696
8,101693,101701,0.6938593770513578
18,101701,101719,1.5611729467781055
4,101719,101723,0.3469219965112893
14,101723,101737,1.214222846652341
4,101737,101741,0.34691667262197157
6,101741,101747,0.5203732345283429
2,101747,101749,0.1734568576916358
22,101749,101771,1.908022181870524
18,101771,101789,1.5610797873076514
8,101789,101797,0.6938025974080968
10,101797,101807,0.867247335759812
26,101807,101833,2.254823864217428
4,101833,101837,0.3468882972009746
2,101837,101839,0.17344355778651932
24,101839,101863,2.0813191486769633
6,101863,101869,0.5203191544781073
4,101869,101873,0.34687766450976215
6,101873,101879,0.5203147250577133
12,101879,101891,1.04062413530074
26,101891,101917,2.254662598008525
4,101917,101921,0.346863494444959
8,101921,101929,0.6937246279194547
10,101929,101939,0.8671498828808719
18,101939,101957,1.5608565110198758
6,101957,101963,0.5202775380576357
14,101963,101977,1.2139747275112713
10,101977,101987,0.8671144821812292
12,101987,101999,1.0405285313958141
2,101999,102001,0.17341965267889775
12,102001,102013,1.040516146995457
6,102013,102019,0.520252766691285
4,102019,102023,0.34683340904183063
8,102023,102031,0.6936644598828067
12,102031,102043,1.040489615709832
16,102043,102059,1.3873053410113587
2,102059,102061,0.1734108102389986
10,102061,102071,0.8670525779803147
6,102071,102077,0.5202271274490127
2,102077,102079,0.17340815869645423
22,102079,102101,1.9074865052593173
2,102101,102103,0.17340462415971983
4,102103,102107,0.3468086593179977
14,102107,102121,1.213826184745044
18,102121,102139,1.5606151151136975
10,102139,102149,0.8669951490161444
12,102149,102161,1.0403853480603409
20,102161,102181,1.733957920814023
10,102181,102191,0.8669642470389519
6,102191,102197,0.5201741349732428
2,102197,102199,0.1733904957554653
4,102199,102203,0.3467804031586535
14,102203,102217,1.2137272927312008
12,102217,102229,1.0403253257881306
4,102229,102233,0.3467715794953829
8,102233,102241,0.6935408064730272
10,102241,102251,0.8669201272019341
2,102251,102253,0.1733825553698992
6,102253,102259,0.5201467841281364
34,102259,102293,2.947483450394431
6,102293,102299,0.5201291487465269
2,102299,102301,0.17337550137906602
16,102301,102317,1.387001660376533
12,102317,102329,1.0402371428021957
8,102329,102337,0.6934843784267157
22,102337,102359,1.9070691169573468
8,102359,102367,0.6934667573998361
30,102367,102397,2.600482723060337
10,102397,102407,0.8668055576621027
2,102407,102409,0.17335964408937166
24,102409,102433,2.0803122074512594
4,102433,102437,0.3467116590483803
14,102437,102451,1.2134866993819113
10,102451,102461,0.8667659466841211
20,102461,102481,1.7335172280123585
16,102481,102497,1.3867903218705904
2,102497,102499,0.1733464446633501
4,102499,102503,0.3466923029944975
20,102503,102523,1.7334556518518138
10,102523,102533,0.8667131701373916
6,102533,102539,0.5200235061006361
8,102539,102547,0.6933611583373557
4,102547,102551,0.34667823504745315
8,102551,102559,0.6933541261346069
4,102559,102563,0.3466747192679065
24,102563,102587,2.0800412846919007
6,102587,102593,0.5199997764885194
14,102593,102607,1.2133266617958898
4,102607,102611,0.34666066097487347
32,102611,102643,2.773275918390232
4,102643,102647,0.3466501223180563
6,102647,102653,0.5199734274358526
14,102653,102667,1.2132651848906044
6,102667,102673,0.5199646484338932
4,102673,102677,0.3466413434163913
2,102677,102679,0.17332008656178557
22,102679,102701,1.9065177339847146
60,102701,102761,5.199497287347308
2,102761,102763,0.1733078046619817
6,102763,102769,0.5199225371381463
24,102769,102793,2.0796796268595314
4,102793,102797,0.3466062578822796
14,102797,102811,1.2131178121728292
18,102811,102829,1.5597044963875437
12,102829,102841,1.0397872247769329
18,102841,102859,1.5596650670500352
12,102859,102871,1.0397609439498063
6,102871,102877,0.519875217068501
4,102877,102881,0.34658172658999936
30,102881,102911,2.5993541926460195
2,102911,102913,0.17328590196892643
16,102913,102929,1.3862848814888757
2,102929,102931,0.17328327616305833
22,102931,102953,1.9061128288411915
14,102953,102967,1.212958431485686
16,102967,102983,1.3862218765117116
18,102983,103001,1.55947861779206
6,103001,103007,0.5198183349739076
36,103007,103043,3.118894270081622
6,103043,103049,0.5197999756823839
18,103049,103067,1.5593920609295384
2,103067,103069,0.1732631628667186
10,103069,103079,0.8663143580099454
8,103079,103087,0.6930456615112046
4,103087,103091,0.3465205010355709
2,103091,103093,0.1732596681275497
6,103093,103099,0.5197781308271214
24,103099,103123,2.0791020411193317
18,103123,103141,1.5592950896390623
30,103141,103171,2.5987858572870017
6,103171,103177,0.5197440776619066
6,103177,103183,0.519741459438851
34,103183,103217,2.945186767901733
14,103217,103231,1.2126893547587563
6,103231,103237,0.51971790346689
52,103237,103289,4.504199154252146
2,103289,103291,0.17323087290182093
16,103291,103307,1.3858446589713689
12,103307,103319,1.0393695501947728
14,103319,103333,1.2125856094708032
16,103333,103349,1.3857958620573771
8,103349,103357,0.6928886394386002
30,103357,103387,2.5983149785365205
4,103387,103391,0.34643328933714373
2,103391,103393,0.17321606426049252
6,103393,103399,0.5196473221989958
10,103399,103409,0.8660745176168154
12,103409,103421,1.039280716500649
2,103421,103423,0.17321171203945307
28,103423,103451,2.4249599072166776
6,103451,103457,0.5196220838979432
14,103457,103471,1.2124454393023851
12,103471,103483,1.0392267697688866
28,103483,103511,2.424838109974804
18,103511,103529,1.5587879783218734
20,103529,103549,1.7319605629883665
4,103549,103553,0.34638631838056805
8,103553,103561,0.692770319389402
6,103561,103567,0.5195742637207279
6,103567,103573,0.519571657061452
4,103573,103577,0.34637936705289146
6,103577,103583,0.5195673130230055
8,103583,103591,0.6927529424481453
22,103591,103613,1.9050578513843563
6,103613,103619,0.5195516785576942
24,103619,103643,2.078196293732272
8,103643,103651,0.6927182062720072
6,103651,103657,0.5195351824232848
12,103657,103669,1.0390651568381384
12,103669,103681,1.0390547418821796
6,103681,103687,0.5195221641702309
12,103687,103699,1.0390391220998314
4,103699,103703,0.34634290355960134
20,103703,103723,1.731708734198705
46,103723,103769,3.982863586292989
18,103769,103787,1.5584520083201825
14,103787,103801,1.2121111373238969
10,103801,103811,0.8657835588565705
2,103811,103813,0.1731552675871251
24,103813,103837,2.0778597452384635
4,103837,103841,0.3463030269438129
2,103841,103843,0.1731509360135982
24,103843,103867,2.077807767530758
22,103867,103889,1.904619014876161
14,103889,103903,1.212008059840722
10,103903,103913,0.8657099437267517
6,103913,103919,0.5194216386724569
32,103919,103951,2.7702348926336304
12,103951,103963,1.0388103967707987
4,103963,103967,0.3462666721203431
2,103967,103969,0.17313275942279893
10,103969,103979,0.8656623555693622
2,103979,103981,0.17313102966682722
10,103981,103991,0.8656537069846686
2,103991,103993,0.1731293001450289
4,103993,103997,0.34625802382831716
6,103997,104003,0.519385306415779
6,104003,104009,0.5193827125720348
12,104009,104021,1.0387602378076641
12,104021,104033,1.0387498641879254
14,104033,104047,1.211862740633985
6,104047,104053,0.5193636964135842
6,104053,104059,0.5193611040320096
28,104059,104087,2.4236730551870296
2,104087,104089,0.1731154723938019
18,104089,104107,1.5580366602728652
6,104107,104113,0.5193377804862581
6,104113,104119,0.5193351898572609
4,104119,104123,0.34622173293560005
24,104123,104147,2.0773234901257855
2,104147,104149,0.1731068376445863
12,104149,104161,1.0386392995207363
12,104161,104173,1.0386289422566757
6,104173,104179,0.5193092931961473
4,104179,104183,0.34620446966162455
24,104183,104207,2.077219915148511
24,104207,104231,2.0771785047490057
2,104231,104233,0.17309475879467798
6,104233,104239,0.5192834140266265
4,104239,104243,0.34618721804724306
38,104243,104281,3.288767649361305
6,104281,104287,0.5192627232701704
10,104287,104297,0.8654335628519745
12,104297,104309,1.038511657667943
2,104309,104311,0.17308355294033312
12,104311,104323,1.038499594440009
4,104323,104327,0.34616308534730994
20,104327,104347,1.7308096836987321
22,104347,104369,1.9038590696220696
12,104369,104381,1.0384496384353963
2,104381,104383,0.17307321779604093
10,104383,104393,0.865364654140431
6,104393,104399,0.519214488255167
18,104399,104417,1.5576357178496008
42,104417,104459,3.634429120548902
12,104459,104471,1.038372184936337
2,104471,104473,0.173060310619659
6,104473,104479,0.5191800718250493
12,104479,104491,1.0383549836782853
22,104491,104513,1.90363188542524
14,104513,104527,1.2113800421361711
10,104527,104537,0.8652614303446456
6,104537,104543,0.5191525609323854
6,104543,104549,0.5191499827992004
2,104549,104551,0.17304913494652704
10,104551,104561,0.865244242597124
18,104561,104579,1.5574267483228559
14,104579,104593,1.2113138745031466
4,104593,104597,0.34608567006913027
26,104597,104623,2.249549412102956
16,104623,104639,1.3843083313777944
12,104639,104651,1.038217512516724
8,104651,104659,0.6921381414140007
18,104659,104677,1.557300518940306
4,104677,104681,0.3460616331163811
2,104681,104683,0.17303024453200566
10,104683,104693,0.8651497926426406
8,104693,104701,0.6921141144291147
6,104701,104707,0.5190821543568872
4,104707,104711,0.3460530539733361
6,104711,104717,0.5190778654581789
6,104717,104723,0.5190752923495704
6,104723,104729,0.5190727194138975
